45483
44611
63664
54920
7663
56480
1489
28438
65449
12441
58530
63570
26251
15972
35826
5491
54253
49655
5868
20163
51079
21398
32756
64196
43218
21583
25086
45515
12893
22914
58969
20094
13730
44059
28931
13533
33134
28483
1220
38174
53502
43328
4970
8090
2661
53903
11025
26627
18117
14505
61528
20423
26962
36392
11365
50882
41668
30497
36216
5619
36983
59557
36663
36436
37057
23585
58791
46666
64475
21615
41090
1771
47513
39338
1390
38772
58149
7196
9123
7491
62616
15436
17491
53656
26449
34935
19864
51388
15155
64775
47969
16315
1342
51185
6043
21398
3273
9370
35463
28205
2351
28999
47699
46870
22311
22124
22427
49344
23224
5514
20504
376
2014
38700
13098
62435
48046
63464
12798
51178
8627
27083
47198
44021
32792
43996
41126
64244
37047
60281
52904
7768
55359
3230
44813
4116
65222
28083
60660
39
328
47868
13009
22378
39304
11171
8079
52879
5123
4356
45745
32952
4657
24142
23319
13607
46304
17677
59691
50967
7817
8545
55297
52954
39720
18455
30349
63270
27156
20614
19372
48689
49386
50584
51936
34705
13653
50077
54518
41482
4169
36118
9584
18490
55420
5708
23506
15391
36368
38976
50406
49236
65035
30120
62551
46809
21687
53839
2098
12364
45366
50437
36675
55382
11846
49127
19900
20554
19219
51483
58090
39074
16060
10447
54169
20634
57555
61210
269
33154
64487
61223
47292
21852
5281
45912
32532
63067
41683
20981
33881
41785
4580
41389
28572
782
30273
62267
17922
63238
3308
26545
44395
39120
21706
7144
30244
3725
54632
30574
8473
12386
41114
57930
15341
15598
59922
18226
48162
41250
1512
2546
41682
322
880
20891
56604
40166
26791
44560
38698
64127
15028
38669
45637
43151
9465
2498
13978
16326
51442
34845
63667
39370
55671
64496
7767
6283
55884
61103
10184
39543
9555
13963
58975
19537
6101
41421
45502
29328
8149
25450
58944
50666
23084
36468
33645
25002
53715
60173
46354
4708
28208
58844
22173
8535
42261
29687
37799
22566
62520
4098
47999
49660
37063
41856
5417
48856
10682
22370
63281
62452
50532
9022
59300
58660
56401
8518
63066
63250
48592
28771
37673
60776
56438
60424
39993
56004
59002
33982
25498
57047
1401
15130
42960
61827
32442
64304
30273
38082
22404
3808
16883
23111
62417
60364
4542
14829
44964
33924
2141
19245
47168
24048
1022
23075
24888
49247
4900
22656
34117
55555
48947
59533
21312
21415
813
19419
1999
20155
21521
13670
19289
58483
41318
16151
13611
21514
13499
45583
49013
64843
63485
38697
59188
24593
57641
36524
56980
36810
6096
11070
60124
37576
15096
45247
32783
58390
60873
23719
24385
22307
17375
15990
20526
25904
42224
9311
7862
3835
30535
65179
57387
63579
4946
9037
61033
55543
50361
6480
14042
21531
39195
37511
23696
27440
28201
23072
7814
6552
43637
35113
34890
61297
45633
61431
46032
18774
62991
28059
35229
51230
14405
52242
43153
2709
47963
36943
54066
10054
43051
11525
17684
41681
27883
56909
45772
27496
46842
38734
28972
59684
11384
21018
2192
18384
13464
31018
62958
30611
1913
18904
26773
55491
21899
64413
47134
23172
7262
12705
7522
58815
34916
3802
58008
1239
63947
381
60734
48769
41938
38025
55099
56691
39530
59003
6029
20920
8077
42633
17443
53570
22833
3782
47758
22136
22427
23867
59968
62166
6972
63684
46388
41942
36524
9323
31114
22345
46463
54671
9214
7257
33150
41565
26214
3595
17932
34660
51961
58634
57990
28848
49920
18351
53669
33996
6741
64098
606
27383
63140
32228
63437
29085
65080
38753
16041
9041
42090
46388
63650
36636
21947
19833
36464
8541
12712
48955
39206
15578
49205
7731
43046
60498
9237
47706
43973
42008
27460
24999
51933
34070
65155
59955
9277
20420
44860
50992
10583
57751
23195
27227
42816
58219
37606
18426
21238
11983
48394
11036
30557
23453
49847
30032
48065
6957
2301
7736
31260
17071
16916
62493
30198
53683
40185
28781
24462
48399
64815
18295
12218
22760
57982
27966
54894
38929
32865
64243
2315
64454
55041
18633
14557
61006
62615
7591
64747
6727
32315
60645
6308
45688
969
40891
49294
41118
21395
6091
32541
17665
3784
28718
59240
40178
60086
42252
44770
22514
3067
15757
31649
10842
43765
33405
44954
56657
5003
50227
19358
36529
10392
58882
5129
16916
62493
30198
53683
40185
28781
24462
48399
64815
18295
12218
22760
57982
27966
54894
38929
32865
64243
2315
64454
55041
18633
14557
61006
62615
7591
64747
6727
32315
60645
6308
45688
969
40891
49294
41118
21395
6091
32541
17665
3784
28718
59240
40178
60086
42252
44770
22514
3067
15757
31649
10842
43765
33405
44954
56657
5003
50227
19358
36529
10392
58882
5129
58554
58584
27444
58982
51476
6796
21311
30705
28964
41003
20259
57857
63258
36374
692
43121
48128
34561
49213
36922
59162
50552
17866
18145
3884
54388
42932
46919
58892
8620
38336
64357
23387
42632
15913
15679
22501
37540
5527
63921
62716
32874
64390
63101
61802
19648
29031
44981
28092
9448
44744
61496
31453
60746
12199
62255
21793
26544
14964
41462
56089
52038
47982
59484
50924
6942
34998
27069
51926
60645
43181
10559
4664
28578
59516
38912
63562
64846
62938
27194
28804
61703
10998
6596
37721
43430
22692
62971
47125
52521
34646
32889
13055
65416
62869
57314
12659
14052
32956
49273
50352
49737
15555
47475
15328
34621
51365
32820
48855
12224
2035
60539
14595
13853
24143
15216
8113
22640
32978
39151
19520
58141
63959
53040
55842
585
51229
64181
54879
28210
10268
15395
12884
2149
53483
59606
14981
36672
23197
36518
13361
19810
25955
62678
26021
29409
38111
58573
56840
41306
54426
3617
50652
41452
20241
31723
53747
28550
23402
21205
56181
57470
39933
34964
24781
41747
62564
58461
20858
49301
40572
23840
35278
62905
56650
11149
38920
23430
57592
3080
6677
50704
51883
62799
20188
1245
12220
17602
28609
42694
29826
13827
27336
53343
11533
41713
33890
4894
57599
3870
58622
29780
62553
2303
51915
6251
38107
59325
61295
26699
51188
59519
7345
20325
39633
1562
7580
8170
62256
35823
27790
13191
9772
7477
44455
59546
49347
36539
12453
49640
28290
44817
8565
16399
41934
45457
33856
19498
17661
63829
42034
28928
30711
8800
52335
38775
52704
24380
19602
57998
2919
8362
17884
45737
4548
4461
6364
5920
663
6480
189
2438
6549
1241
5853
6350
2651
1972
5826
591
5453
4965
586
2163
5079
2138
3756
6496
4318
1583
2508
4515
2893
2214
5969
2004
1730
44059
2831
3533
3334
243
12
381
5402
328
490
890
261
5903
105
2627
117
1455
6128
423
262
3692
1365
5082
418
397
3616
519
369
5957
6663
6436
3057
2585
5791
4666
6475
2115
490
171
513
3938
130
3872
5849
71956
91233
74918
6261
1546
1791
5656
2449
3495
1964
5188
155
6475
969
1615
142
5115
603
213
32783
937
3563
2805
2351
2899
699
4680
2231
2124
2227
4344
23224
514
20504
3006
20194
38700
138
62435
4046
3464
1278
5178
86275
270
4798
4021
3272
4996
4126
6424
3047
60381
5204
77684
5539
23078
448
41096
6542
2803
6060
3912
3275
47887
139
2278
3304
1171
80795
5276
5513
436
4545
329
46756
2412
1367
4304
1677
9691
967
78617
855
5597
524
920
455
34956
632
2156
21478
13256
486
48986
584
45196
34705
1353
77
5418
4182
41699
361
95484
1890
5540
708
34506
63891
33168
3386
5006
49236
6505
120
6551
4809
2187
5383
298
234
456
44901
24908
76449
75373
80347
20748
62317
66921
50973
24681
9605
65572
21666
6616
60123
88761
85414
29227
7874
86385
27203
83716
69726
1566
16617
46736
1105
46350
14715
76717
90111
83352
57727
58070
44098
28028
42728
41381
88608
49680
95800
22869
14400
89422
75232
3810
45405
9281
45323
14325
30960
36675
49220
67467
80814
1730
45681
44858
82700
88053
86170
20410
20358
83591
35039
77604
61836
91798
52834
25805
13643
6267
52791
11256
71740
37301
88613
90698
92151
74695
80222
25634
74418
75048
50244
97316
47923
35244
95322
13403
91658
94960
81916
8138
15448
51202
23254
19933
54151
9915
3483
6934
44154
58324
52398
11857
43105
96160
42717
58906
70193
33410
31592
11169
57373
93905
2805
51787
88128
88110
5032
98490
33260
89895
28083
62321
78321
50075
21773
23702
64341
76468
16440
81400
75243
40059
4818
48573
57384
92474
66865
79734
16255
13601
79014
82299
63990
67778
85426
30844
60663
64968
55908
63843
15941
2613
95597
47647
85526
81187
98323
98676
16608
43440
79011
64026
6147
53222
95721
36246
57589
86339
84437
14683
74605
22392
45198
72582
97710
29556
12789
28558
21604
93160
19971
44944
75145
89548
4306
84223
68737
72996
67574
39426
8390
85297
57751
13746
66505
92145
75671
76975
86544
17816
37013
99242
83417
20152
94252
20674
76049
30566
31567
57516
23877
604
31449
22991
1665
30988
66848
16635
14962
13153
4172
4013
25947
60105
63914
7256
95710
16293
57661
23811
69231
72195
75837
9543
27404
6340
38397
68237
90416
5663
44493
28419
74894
7775
4917
52631
6222
68720
18092
69628
87135
63435
50769
1309
50966
72319
35428
94320
13351
18146
62588
18719
289
66213
94163
21744
53112
36783
18143
29421
20551
39023
38958
26775
28425
88139
94845
81032
94670
48385
64869
19741
43206
62924
5654
66624
85589
87213
24229
11786
23900
56260
88800
89423
19628
72429
99371
19627
68185
15130
74402
22596
58649
80995
17181
20620
33350
23891
2966
68373
34363
50276
1914
13165
22176
50957
52422
34718
1581
11169
67834
31226
70170
20988
55100
24406
81197
52176
70861
61775
17539
57484
51343
22889
9111
7653
74887
85585
63254
9171
8471
35170
50975
22628
75673
42175
93413
96554
26089
86741
10872
64383
81076
22395
44158
6161
95862
61185
94628
10417
63644
88065
71456
5170
71368
57460
29936
4710
75534
19799
59180
37797
76591
19140
34957
10052
12938
69959
90158
85066
43423
60663
40527
24809
51486
9931
99439
24028
5223
55164
47113
35122
46046
47504
55976
80608
29231
24943
64138
19040
6259
4179
78461
61207
95700
88498
6089
64613
32943
58067
85201
37176
32496
70942
2358
65245
15178
19684
73783
78544
44080
3870
5000
34270
75047
97682
37246
82941
36688
54500
8039
40187
18725
31150
91028
84753
56110
78014
90732
67975
30031
98825
19070
70521
82572
96472
9318
97695
37558
65546
83158
78365
58552
45498
94877
85538
93866
85566
46332
93711
72634
70098
10433
80788
14967
55505
42131
38072
96249
3470
42114
35939
31212
35724
42574
26748
91799
56513
82525
908
89250
80372
65384
44399
2260
65521
85418
49791
30208
90356
20366
61093
53183
3897
68898
1180
57712
59799
21529
89321
94375
62569
68551
70295
98921
65760
41539
77949
60315
18661
31657
99897
21586
56623
44295
68690
27540
40052
44644
41135
85019
41017
12829
18971
44358
10848
94240
47033
89132
59781
23369
40875
30155
18903
78149
97038
10656
8859
30862
86434
48721
24268
30666
22861
45883
52736
92963
7892
15570
60822
97663
19841
49582
14562
98699
37958
38750
25442
15239
16881
8910
51523
24463
10729
37002
61635
90059
63879
59274
54528
65647
50934
19710
23177
22674
38672
27063
133
18200
2602
24501
88230
59751
94909
16813
18902
4222
48461
76639
78588
23881
901
11637
99935
44936
91715
67214
55689
97715
7356
11384
3762
97307
65035
71198
71368
86528
16238
26754
67850
76733
63827
43562
38390
78496
91874
44224
78209
61678
91995
26158
57411
27904
7122
28241
30791
26107
40216
39972
9915
89074
58606
18802
8335
14077
90752
36676
62278
78371
49151
47441
21816
4762
51743
61694
45988
3042
89133
53133
16973
71618
99728
93228
36536
668
79424
78546
34862
25730
67293
48544
30328
30402
95059
68483
47603
60857
87172
5986
9996
27370
72739
95238
77862
96298
16354
49768
9213
8281
92201
83978
34649
82657
33632
59088
27555
59414
50559
12607
56363
61120
14469
48536
8903
30820
86230
57914
25560
57172
82092
18998
73675
8959
48388
19109
64902
80396
55915
86879
49439
19849
51469
36852
73021
65106
59409
78077
47953
82814
52792
4037
13583
50007
65488
83660
41202
27217
97676
19618
46925
12028
37306
37920
7289
89835
2755
2229
2220
57093
42290
17471
31867
72225
61382
27012
74133
88669
31291
71958
65269
72470
13360
32647
17682
68156
44491
82602
44527
18700
96588
22286
19604
88718
80503
6379
83851
59618
19375
2096
39193
66628
75650
34825
17677
31169
84418
64073
4544
65962
94432
64475
10964
65142
6341
40846
62544
97287
6528
1238
27546
57850
733
687
462
390
78496
24159
34098
79258
39507
43859
56143
60286
15491
52402
81081
68737
40394
7377
3597
36508
54621
57320
65101
62785
58153
29066
19119
39699
1578
42168
52130
15225
32253
4476
40959
51254
15912
3058
48045
66501
23593
73173
67393
28709
43834
31476
44630
78887
57919
18616
55147
19484
53939
75549
80814
46202
16288
55586
77875
73625
80865
83447
51638
51648
81955
20670
14913
41325
63120
5970
754
8527
83677
62934
13707
40324
44986
14306
36699
50621
28962
44956
39890
77923
31135
46160
16700
84913
43836
9887
30760
57678
49882
75847
21409
6692
53853
48965
8039
68784
70509
46677
19364
30702
39084
77706
46896
57414
813
35352
74289
5415
73221
46915
15896
32971
37357
61661
19114
50514
41860
717
60277
14302
80340
45437
68321
16957
22446
60869
68767
23271
66562
77676
40990
6848
31002
49195
25199
86767
85352
17945
55099
2039
16979
63159
58730
37232
17040
23820
57877
82032
5014
49946
56363
34085
7156
47713
78442
27285
28484
14365
11880
57458
4388
76744
6864
11567
74001
15382
32864
28656
22006
23017
46881
46427
33261
44261
31624
13709
10576
39187
1858
5608
25424
48224
57477
85622
35571
5625
51530
48923
4270
57671
67026
59737
5057
4880
36026
19560
25017
21780
70163
73292
17617
45078
51697
41669
9523
32440
7483
7738
14574
30089
57557
48553
6130
9158
58865
17731
54152
46146
85191
24219
20921
38161
15048
22336
50110
84916
31308
50343
7229
19128
568
15533
40084
66292
85094
77697
35545
24009
17447
64077
47602
46623
80270
67304
30184
40875
25270
46350
61427
46087
54302
18590
51111
8247
75496
10361
63626
56334
19709
252
15672
21258
83389
8348
68945
41860
42433
1933
25806
60428
47769
49253
69822
48719
44423
53610
40589
70932
5429
31626
18971
313
33552
36265
38739
14371
69181
55189
83473
6276
3521
72068
21490
14763
32558
78866
64141
54118
50432
79138
75270
14501
43504
5026
35733
66678
69263
78797
63410
29119
65297
13538
12351
24673
44812
82935
55946
13630
59202
76416
58821
62203
39032
13049
29795
61580
5154
83579
55943
8561
59361
6067
45237
56173
12687
39949
84298
70520
19752
74965
20060
271
21278
47496
46494
46406
58170
56058
75300
30879
60734
49448
73836
37530
80551
66058
14736
57622
86549
72454
31414
60603
49716
21443
76500
42165
82408
40802
47845
28532
42700
70065
46688
29184
82671
19863
16462
5746
57985
58049
80756
17012
11061
12452
24873
6114
73916
19726
84366
85802
44096
38708
14952
83854
26751
13419
30385
51023
12100
44684
46821
55631
50432
289
66683
84649
40616
86404
59640
23090
40033
70638
62934
18435
18891
76812
44821
82070
82462
68428
67961
42348
4780
65260
64929
49587
17379
82315
20878
31609
86273
10013
7461
57117
25575
40679
19339
33149
58850
6813
14149
83691
51872
14801
28612
31384
34706
26960
58129
48244
25515
68441
74472
20154
2884
14928
13568
69610
31042
51034
13643
14253
64416
71342
66004
64060
3279
41304
51884
74204
33812
27416
25789
52645
32160
8271
75952
52578
911
63180
51466
79720
60354
84925
13209
41733
56806
39006
45045
29073
58635
46847
64438
78639
35503
80817
48829
82261
79815
75213
42079
37600
33958
17217
22614
77833
10560
82597
61275
60128
5112
76174
55772
71468
37104
22790
33143
70715
3298
43756
19449
52069
52103
84710
64645
3174
62980
41443
12280
59622
28362
8031
67430
80376
82864
53212
44714
1953
83602
50894
209
36644
8282
68123
11611
63884
62098
52914
84053
77995
10249
47621
16898
66047
43732
11015
32526
26020
77616
2248
72603
69610
7415
10214
15816
62027
286
60012
79644
72234
41690
7777
77851
15505
82601
42811
72324
74930
32597
17179
31009
7317
78813
20226
84864
82729
70670
47007
80598
574
11756
19063
14903
61079
26271
62918
43041
4180
10841
5255
4454
53307
58763
69755
67703
62388
72611
26582
64344
10643
59644
81181
5488
46862
28257
52040
16870
32092
41239
43141
14070
45866
61570
53510
56411
43937
9152
62157
22138
85324
65474
16242
26960
27850
74735
16784
56452
25444
62135
17111
70594
20912
72347
31532
35128
73217
3392
56246
77605
1446
14195
58394
8915
32648
53620
56538
13893
37815
11853
2496
55216
23562
30150
13120
61131
2252
47233
39974
36687
42759
55230
59395
79379
15313
58779
8131
1251
67428
34379
13627
47049
52580
61428
77463
73968
67442
8387
60772
41019
77166
36603
54736
42278
19537
50913
5778
48949
31360
34729
16873
24562
77726
42560
24016
52591
49492
25576
29882
63462
65104
40858
14924
69646
82971
81765
36793
22301
10016
31982
64119
86114
13123
72101
20043
75087
38927
76896
9205
25023
23931
70907
37838
2402
35010
70665
75936
11153
40793
57322
45272
4492
68834
30665
60621
6818
7024
68308
74766
68797
72406
86249
16376
54390
52825
36087
30243
59288
13689
82501
44186
62244
39370
59851
80745
44547
22624
56147
77621
1412
30053
35556
42940
45886
75504
11274
67452
60749
62808
42748
31991
20340
32705
55036
120
50756
52242
44665
59819
64156
83798
72712
73584
54101
22956
42413
54531
36153
21775
29000
20796
22654
38105
26939
53691
40909
48343
76737
38809
68500
22855
7584
85671
44784
41768
67628
38465
2425
7182
13021
64158
67390
26052
73832
57000
75283
55332
7757
11710
5403
44131
71230
66095
23726
33186
20355
13008
69890
7431
38187
74348
42559
31074
59803
23056
32287
16053
57416
53623
68601
85627
79260
5683
25716
59625
30173
41201
85909
35858
56169
55891
12469
64938
65876
55765
83139
34404
4484
38895
24039
43620
82000
56811
39744
60948
2756
83365
81437
1960
25462
46783
79913
57208
13814
46835
42292
19949
64041
48709
83912
2891
40720
5855
29535
55528
906
73658
74480
59707
29817
71207
83718
86298
69234
33443
50776
31329
39778
35650
78361
84311
32415
77483
53341
58468
980
72493
70965
123
12429
40307
35893
21192
29752
34052
12264
32264
23993
31804
20057
11314
65116
86356
78965
25866
40957
24769
71389
5310
17279
45035
45824
60173
7682
49871
64412
81727
35502
33371
74041
22157
44182
42081
85884
108
42373
57384
35494
17916
28651
64292
37142
42184
27514
41411
22888
40299
56834
9140
62288
75176
63064
3143
31376
43897
21558
22983
70864
67678
57161
71044
14008
80400
36572
38193
80636
70426
68234
51037
53692
45729
47120
22022
40132
33053
665
40540
60444
25650
13689
47201
75859
29883
43619
9489
53889
54291
49688
60071
54183
32724
44368
14317
61023
48573
12299
66896
44046
58478
65418
61507
51994
12198
28846
41591
17212
46499
17037
32876
61141
53058
59247
20688
19995
54334
52203
30760
33050
55802
50198
44272
57069
50633
35892
22862
21976
15095
26401
63934
57055
18675
43968
39112
60587
51706
45642
40544
43063
37559
57435
14587
62126
65494
23675
35557
63954
29406
62195
34090
32023
51628
60606
24195
56805
34233
18345
61782
8229
19266
62093
45194
41094
51275
56794
62913
45297
38408
60384
21171
32161
62872
24589
47626
47486
42897
50657
60118
52995
38976
19662
53002
39927
13293
19497
53536
34793
62778
65078
37514
44502
51929
67098
27559
42344
16145
62970
44201
16720
38196
33580
62006
22695
23622
15864
15323
21766
12520
52409
48553
64351
24862
30713
65444
8013
45152
24001
12276
21881
46581
20368
57036
63985
56222
10717
41861
18480
15175
58947
18196
23501
10092
15241
26782
42614
55905
14894
11656
62906
25278
19157
26316
14449
62267
8960
64355
10889
51251
40472
31746
57944
23943
21018
42386
25915
53923
57637
50413
29381
60703
25440
36795
38223
18176
15287
20860
54669
56426
42353
45479
57603
60898
54340
22057
22742
40695
42937
44231
18232
58533
15544
20834
14791
27322
17688
45439
50243
53095
18664
45466
43704
43810
40598
54550
8302
53485
48726
8716
14831
27881
34480
43466
22822
39260
21586
38352
43888
25209
18984
30126
58184
66430
64365
16181
19876
55541
63138
64786
53704
30120
36619
64660
65607
7696
46749
41282
49562
19778
44869
39796
10089
40012
16690
59096
17159
28760
30224
36305
25814
35680
25611
57816
39094
46821
25064
24349
27519
30160
21556
34894
18244
43046
56752
26131
59281
60225
17706
49943
55888
56792
14383
51407
48541
18248
27125
16758
56004
35973
21726
13849
53422
61900
26504
21797
12023
10112
61253
11744
9358
32067
16695
20852
47459
11500
22447
64533
56906
10787
66180
21256
65770
17008
59096
45830
21091
32858
28702
56173
60158
27245
24269
9253
55855
31634
50241
54205
63987
49425
65124
61754
14311
37226
49169
14253
67521
53288
39456
23618
49996
49152
55874
7999
26729
63477
26893
31445
14422
23025
44169
9310
64700
8161
24940
41336
34864
9398
26274
65640
38599
18815
66684
36340
55982
30223
28350
52004
25048
62821
17364
20470
25472
53510
27830
9937
10247
63308
63758
27052
36342
58511
30357
12534
26856
61045
39765
18676
14328
48316
64089
22668
23931
47399
36942
18906
10472
37006
27278
39001
12385
36745
11151
14800
67149
29846
38859
65139
40379
67029
32160
27897
34414
60978
32501
60136
25451
57048
40046
18786
21510
64757
44510
59809
44236
65308
47376
19261
60868
30212
38443
16175
27312
33522
42420
58222
65025
27855
56497
41146
40941
28571
66720
21365
61410
46078
51325
15430
12630
56209
31331
9698
39715
46609
18456
58975
61230
8019
66058
53235
58511
17641
51619
56371
15298
66010
10231
37580
40907
49577
10126
57122
31414
31863
43977
19203
52012
19334
28940
25595
54833
16970
58586
23422
57673
20466
20239
38460
67255
61552
61282
34935
33818
10143
16365
64354
14609
42012
57654
35656
38484
53461
48874
47851
36612
14126
25416
54796
45068
42541
51999
47204
9947
33870
55152
49932
23238
29473
48461
23611
19011
57708
47701
20817
26984
17264
15816
12523
43949
51521
48278
64731
48170
55457
57010
40082
60934
11810
14828
26298
28442
51196
48907
60757
31486
52393
56653
54594
54476
25806
8769
48068
57533
32346
50663
26324
66534
32411
11192
64744
7595
17551
41081
36195
20031
38559
60358
21912
40525
7779
64055
54838
31461
60338
31683
29985
29382
19324
18311
65533
33441
62626
23106
30231
45939
39256
54233
47114
45987
66202
41022
47379
9181
44406
47379
54701
12640
65621
46493
42901
27878
64262
54034
20587
20857
63550
56884
54721
52262
58789
61238
11225
46101
64421
54649
12028
37779
37212
43180
53371
29360
52608
28797
57298
59130
22200
53308
56829
51087
59418
29390
53404
9126
64950
25827
61479
9733
30404
11054
52945
40748
17695
22446
35376
43742
48369
54067
20634
20023
58430
48619
58793
17860
16906
41529
8552
16068
35920
12347
47017
16086
63719
35518
43577
11761
43934
46860
64703
45882
41064
49279
37512
42031
14551
58745
30614
39693
60626
11247
15678
38911
39862
55712
10711
38070
61924
40757
8375
56008
35668
14417
51128
40618
12050
61777
65834
31305
67238
37982
20637
35536
52687
53829
30001
19762
65430
23013
39953
46114
15103
36053
58792
47043
17965
55341
47209
39515
27356
23130
51546
55230
27382
56607
49848
65831
16293
23319
17692
34288
59302
45095
36903
59252
35056
8894
30855
37020
49589
34018
45881
46400
46490
11373
60940
59932
23846
64164
42148
30939
35952
58418
32263
49055
35416
54235
35713
39580
60721
51413
24777
50030
24834
30402
42276
43438
35131
36012
57346
55170
48041
42500
66754
33765
62995
23768
37508
23225
13060
18859
13284
10189
17219
46286
48051
25365
52936
36209
49453
13195
43079
63026
11879
65839
62358
32761
33005
45250
48996
26249
50697
53771
19483
37727
26570
65778
55042
14379
47310
29555
32757
52828
41945
16670
43145
40575
65944
45666
47381
55822
47856
16168
43145
61630
28051
12559
19599
64595
36766
46508
43529
14116
62617
10833
30862
38181
58775
20459
40058
23977
22485
19140
20344
21773
56737
55714
52285
36628
20630
20078
20722
17341
37333
11770
60936
33742
66225
22380
51745
7846
14484
36322
29082
44278
47888
31139
30563
32813
52274
61912
14515
42320
17737
11242
41604
66718
40759
47699
60337
26189
60174
57426
13003
53195
48876
9113
10716
40978
33108
23979
34265
55528
18566
22736
48261
62785
44555
31720
51503
14482
13889
14924
34696
46648
38051
49044
13272
67156
13145
67058
40751
32053
64832
66187
52033
23379
12743
45105
50063
11025
13296
63305
66422
47938
11711
25181
42646
60901
26614
65414
44849
15816
18314
28062
10871
9382
10938
31414
7814
58746
52938
13801
29419
38348
34201
55727
49381
23418
64397
59758
8014
20469
47967
67191
24824
34872
9603
38373
17403
22185
40146
44396
59903
10496
21386
38313
30525
13462
10748
10305
39950
47204
7891
53805
34403
33226
58395
38659
47221
14362
62769
19062
65926
22551
49034
9581
56521
53628
39847
22716
7564
67147
46029
42456
31200
44884
17138
21852
15974
9980
57904
36422
13613
26188
18389
12408
61799
56741
9618
38091
52742
10611
13889
55644
50393
47722
56925
15426
17172
63912
54664
25790
30672
67100
16623
43314
55299
47025
29216
60290
38660
46558
31770
55653
10522
56799
32096
23412
44876
13969
23064
22730
57795
48216
51542
63986
30562
51739
58336
47600
13374
51890
13892
34582
26376
61140
46953
11916
26016
21577
40069
46042
14418
17166
10673
9599
58220
60769
16550
13400
42261
39743
56643
18179
58661
56510
33198
29618
53386
28429
48109
55244
55063
29945
36513
23737
52099
27236
50226
66450
64223
30372
18599
60687
62295
65802
20542
16808
33133
35849
63302
33696
11205
37152
43351
26596
8652
60013
43198
7578
55761
20346
12349
21271
50640
19742
48037
52589
17146
61707
67403
17344
21963
61420
45763
38222
59974
41964
40472
27732
45446
50371
62023
58191
24674
15790
63722
66193
41512
66259
42142
30546
52974
35926
15400
25398
17346
49390
16983
54228
20953
46834
49739
18266
55462
61235
33375
9224
58839
67108
49389
21664
59972
30804
53801
58691
15201
29449
50694
65530
14738
45543
36021
67160
51440
35517
58695
55806
34924
50772
21577
27855
61797
46516
66854
46174
64443
43841
63685
43741
20778
32193
40567
41349
19794
57980
42667
10548
59646
32631
52757
61292
52980
46880
55392
38719
32384
45999
14039
7547
9620
61913
62645
62038
49926
60390
19245
41993
38311
31260
36677
45880
27278
18390
26999
46335
20767
47039
49774
27328
64404
62619
20705
40132
23975
22743
40400
28699
24949
22160
51765
50758
56101
27451
25822
23941
11531
59622
22392
11554
38306
62292
62104
28573
48511
62446
36382
59747
14382
20544
67007
40654
49327
38435
29772
66305
49209
52290
64070
16146
16063
47264
10162
50753
53590
40964
33782
57742
15080
24317
36720
16185
56800
47465
12132
14833
53236
63865
42327
46516
10725
39559
38345
17241
9756
43721
33667
24634
43761
22947
62333
47711
57170
18304
39274
17261
32711
30014
49266
27755
45090
37881
45314
62223
61437
31563
29377
43415
11568
58429
8102
50159
53454
21814
35524
54837
46096
57808
52982
55715
23659
13654
55408
49804
45589
25799
17827
13714
58636
45932
62615
8366
13628
43460
12407
47119
14755
13887
55113
26281
14528
25805
33469
40991
24551
22120
67413
16230
43032
9087
17877
36471
57238
63520
7626
52777
40777
55638
65370
48932
28241
51096
64338
55795
25044
16096
9453
12452
22868
49285
44087
40291
52547
54090
46145
54405
35856
64133
53240
60381
36966
47599
12763
14146
61341
35211
60731
33272
45312
10511
31972
26143
58569
14128
16206
9395
8141
31222
42332
16140
37316
46290
24074
54824
58796
67510
30565
45434
14084
20259
23755
47330
19102
34615
35795
22754
42377
38004
45061
59916
37341
14035
47613
27655
11179
43767
39046
49396
59632
33944
23550
53085
8920
43863
11234
21142
20514
58195
57463
26737
58145
27715
37639
13635
58072
15631
21052
42066
51323
57475
39956
10595
25169
63601
32526
12482
46688
55939
18102
35313
39699
67426
18298
40235
34291
36022
67231
58086
62986
11057
43619
38275
18082
9147
36433
50728
48878
39187
17102
29336
62094
46053
19756
30207
27840
11662
60439
28958
61646
50781
20683
67705
67264
64271
55107
11681
43337
49714
64106
17941
14237
33070
58756
26254
34412
44066
39743
63613
22780
15316
61273
11725
24899
13908
12623
59058
29984
56545
67172
37643
40166
64645
33137
28015
52627
9813
19167
33663
65237
42845
51404
34989
37855
66582
50264
59139
23602
31193
38042
62905
60510
38381
49948
59594
27319
50506
50891
13413
52644
55906
8092
53496
25769
22100
38324
30268
29394
44007
32681
60869
64923
64231
43964
15664
46434
64329
11442
8121
35422
55666
45793
19044
41627
19530
11977
38884
16048
45225
41778
67157
55399
32220
29064
7570
28903
50674
41162
28419
53985
21321
24092
22094
24370
33799
11370
49635
32535
8135
11598
10565
57773
60384
28729
23489
9765
50049
10062
66419
60002
23655
66355
53319
36533
25317
35136
19212
36257
22851
39713
14473
24278
50811
64284
19713
52560
28433
44557
52570
59760
29060
33152
36771
30988
66979
26213
50887
9510
66059
8404
26893
42377
48558
19835
65326
60235
29231
29739
31509
17039
7817
21569
21485
41864
45964
35228
43528
56441
14099
65090
44216
44487
11253
29400
33908
38711
47664
32732
67520
16297
55493
54719
48335
30651
35186
47740
53839
58546
58192
39725
33458
63327
28589
15992
13823
16023
67429
38088
28690
33397
43481
7586
30170
39125
36298
15077
49802
19111
36899
38226
66751
51980
56972
60314
42296
55791
14037
49239
15236
58573
47257
37717
58244
34184
53092
31443
52506
24545
21728
42828
31471
55349
43289
58708
17024
65932
61239
30188
63729
29884
30753
19828
23997
22855
19481
25065
15147
14395
11834
13988
46660
10305
14123
30632
44772
27255
25112
50155
8463
11245
46097
16492
29122
57326
50502
63093
17425
12102
16666
7911
12164
9395
19010
30088
15493
55139
24716
67677
40556
63572
20084
61553
41538
36345
16918
21514
62588
47701
39080
26599
66971
55686
34384
22004
45574
38261
47102
8744
18149
25994
64297
60420
67546
26134
9219
31753
30995
11625
14015
20917
66042
26215
59925
46317
28727
12074
34595
42748
63245
20536
27124
67043
15580
7998
48420
60596
20119
53083
40154
35210
54041
35735
57174
33830
27286
27065
47070
41120
62653
40450
45865
21433
15511
18897
32858
15349
57692
26091
15449
9824
15161
41468
33120
21791
32057
18888
55364
19954
21296
52025
7691
41368
60157
43902
62720
15134
41238
22922
31720
42023
66641
57407
35709
40988
63627
44408
13931
40026
35180
36766
13055
67343
12815
32005
54655
45433
64023
47827
29497
36762
42215
49188
13418
37681
38938
62513
47046
19454
63295
15015
47607
34930
22266
21376
35235
58875
42881
62711
37238
59903
34028
52354
34704
27829
52805
57360
26738
36136
24622
35936
35087
59398
59466
52995
59134
23190
7992
16423
12337
64504
23521
43472
25941
39592
19560
36472
28188
27750
17540
29123
34329
18384
30125
14689
36387
50930
8050
19210
56716
49732
58002
35388
16472
41176
40111
18418
13047
56224
19399
61305
19554
10124
16402
34471
13864
46280
35748
43756
24919
31513
12699
22812
43234
53834
28213
42249
48919
50875
33915
40631
17300
39786
65913
52733
42198
8206
30476
19749
67130
35340
58341
67573
25520
39719
44371
28199
14072
35652
55484
61477
27201
23951
52606
41590
32930
65781
48218
70825
25274
47672
8534
11817
32872
49037
826
56558
54450
53123
16914
14927
46614
64790
43548
48077
67123
58268
36396
3148
8838
57326
14512
28679
59036
44705
3992
55785
43805
2902
20656
21585
59317
50299
7227
2341
17127
49728
1439
53969
56507
37704
4356
30951
30309
5129
65633
36270
12922
14140
69417
34986
67487
64436
58044
71022
37424
58872
20982
74339
56103
73093
54445
68539
53549
39163
70166
14306
8689
66251
30730
16271
7726
25107
14441
49527
50634
74987
74658
60749
16175
70720
57604
5870
68493
9152
52214
13601
23552
56274
34945
50798
9175
52777
49679
60547
60125
61196
34222
6573
16902
20600
7828
62210
51629
11822
21862
6765
47017
3530
40399
27683
55410
53799
8838
30913
15868
58578
17037
71366
54863
3232
18348
42508
42017
53308
50225
19600
17421
4490
9780
39334
14998
69722
44886
43320
74061
51863
71197
6439
34231
10329
29342
70171
39204
55718
41382
31414
62815
46905
27482
13247
13039
56467
76220
38072
28967
65582
50675
14647
11937
71042
13774
3189
19069
37422
377
26167
72513
4148
8580
66696
40530
21476
59997
32019
46400
36721
75712
58942
8962
42639
29612
27532
18744
17547
64288
38503
24609
31825
17163
71114
29638
24452
38350
69090
4329
43388
67801
50872
63073
14979
66722
27862
29766
4243
39658
36471
32842
29739
22026
10546
2126
3424
48331
67613
18822
15482
55480
6271
46340
56940
52171
72080
4804
36284
8549
8380
63669
51595
44421
52587
54724
45957
15267
61760
23939
42106
40445
67730
66168
23137
61322
54133
16164
72356
54520
66498
32013
45988
1605
13724
50920
72343
22108
18267
6915
23687
23007
21668
42536
53102
21263
39978
26879
5622
52474
47728
11866
39357
48443
48120
46973
9403
49643
26550
47067
55810
71592
45827
62967
34715
52330
4366
53162
45878
73590
958
23454
36635
56462
47608
4999
19726
10300
73778
71289
41113
13973
12513
10406
72873
67739
2173
31431
23632
25234
22113
17119
36558
34265
48882
1433
10524
34929
63206
47459
67330
75940
13504
27199
57599
53782
66044
19246
54193
47090
43352
65746
62612
1370
3428
11194
21826
36744
71933
2143
70876
44527
27900
15900
38904
73940
6159
26059
76454
37354
1365
71271
44167
33050
46463
35265
46795
25562
70553
11579
52127
24235
59964
67093
28649
1605
29292
19322
59923
39457
70514
51310
65181
52360
52746
52041
72873
55539
37626
9811
39496
66996
20079
47073
56389
62772
76274
12652
68613
4061
9027
64144
23839
33690
54963
11887
12790
27151
56845
46298
40156
3445
76528
15826
55190
51287
10531
8059
38797
40915
66613
18025
4763
54968
11617
72718
19202
2194
9555
27334
55093
65983
46696
42586
13794
21106
35414
36538
41551
39763
30502
45067
24059
4973
8061
22460
40318
6646
75307
43911
65849
24596
33882
42374
43962
58034
59272
38225
51022
46377
51777
64283
2288
30398
49785
72864
65076
15497
13370
51758
55848
43772
12356
41403
71116
26739
22741
32728
42844
19676
3720
72781
33499
33768
63383
47340
13675
2530
33206
59535
7964
15909
34482
2969
44717
76433
25868
26419
54181
48414
62099
44169
50581
33452
34358
36460
31013
21918
33472
66736
43922
11367
23914
1376
73385
67220
61779
63256
29581
16076
2811
22216
66855
31496
60311
40144
5700
5885
6421
6741
9394
50345
14840
20834
36116
2716
24376
55925
22426
29173
17130
36348
29506
73893
14008
37331
50576
664
64867
52534
37044
35753
76398
70730
62851
12190
27781
76570
30033
29412
38113
29338
7882
15016
17991
36280
16720
18114
15828
20952
13079
20537
18349
16256
14339
9094
17954
59683
48190
11245
43900
32172
556
11491
55968
4366
21625
46684
8259
67950
10159
51281
16595
12586
65624
24324
15362
27283
53611
50238
16154
41658
33244
1959
38795
46578
41504
21580
61697
60519
74685
21474
61036
14044
44680
49509
72379
64921
12862
18093
40021
34316
66271
16046
49098
68031
23491
74903
11969
74564
63199
61581
20027
46156
54259
15156
39608
3038
19212
16593
34553
33645
28326
41337
35443
10437
62443
65896
14612
51700
11164
40828
46542
30052
45497
65546
41955
29119
48733
528
11084
47351
73043
46875
40111
62825
37190
43355
1697
3741
965
57557
16142
55357
44223
23645
58631
56534
60826
12935
75668
1735
30535
66222
42842
49857
76256
31406
47980
9702
63775
50048
56640
26015
10297
4321
61429
26173
13589
16718
60609
74856
62765
68842
43370
70547
33619
71366
68886
24287
37875
14145
42082
40997
28788
48056
72921
18390
22722
17097
43844
22730
58724
69544
264
49951
9472
48295
76525
68032
71827
13833
62531
21360
29792
62173
47112
13842
49286
52005
14495
751
70963
44068
46311
70330
63464
45284
26558
34848
35903
50368
67721
58189
30882
22497
49605
66697
11761
64933
65981
20235
44170
65468
45606
54207
42244
19106
53082
62156
52375
45783
63682
51308
71853
28301
30212
32506
52029
58884
31788
14893
44020
62607
38808
22996
7465
12674
36167
24081
15145
37045
12775
39734
73317
44566
29370
60176
47337
18139
56003
20263
71384
18531
42977
28244
74662
1260
12655
19761
52525
43468
57160
501
14300
39305
54555
69202
42590
26468
44469
2078
25538
68204
66207
6094
18195
35949
59942
75449
58728
12495
65216
45218
22190
26102
51707
10671
12862
8965
37109
68166
7955
52136
39418
10691
56508
10714
69002
19370
25270
75500
58682
52758
32440
14433
5643
52708
47728
25440
70218
46981
40649
72028
32710
24245
69505
11664
4246
19170
12980
42124
51013
55929
27648
74296
3012
11806
131
44467
22813
3668
4891
43800
68148
60561
5933
66790
23590
6155
25346
53683
7558
20484
29832
19193
66765
55429
48576
60588
41133
52102
28825
8671
48322
19761
22552
42812
15144
65686
1406
11587
30866
35137
20135
46270
6979
26843
57139
58754
29920
60369
61733
71532
9819
45359
45852
36507
48259
7026
57084
46242
66482
37037
18278
38984
45054
36911
64081
17772
38475
4967
41430
49170
53316
41188
49803
2508
8928
4275
7656
28696
60633
36993
45628
35252
50048
329
3829
23255
28532
73133
33959
61426
48357
21706
56459
74772
25359
10347
46450
25628
29623
67132
34076
3368
24536
25561
14660
389
47326
1836
20835
59678
32733
29081
61604
28889
41909
72744
15400
25525
69074
60943
40965
25665
55279
35838
42983
69367
50799
28971
76580
13816
18593
21259
22448
22098
34812
46499
35705
33983
71656
5837
74143
56288
9997
7945
16981
39411
74134
55470
6306
69843
20352
53331
53909
56517
42448
50023
50147
1499
47474
9727
57825
72033
25249
2435
65620
54774
35773
74411
52231
75008
11732
13280
68227
3057
29268
64146
45211
41520
20641
45235
60052
12477
39769
65349
64971
58656
62508
4398
67130
56633
54116
3034
34752
33844
1897
46222
23236
65018
47424
25642
1417
31565
74603
40807
71985
68960
70646
74744
39822
48493
48704
30042
65738
56857
69496
15606
71450
71202
47484
75248
17659
3032
36855
11608
23232
23921
22809
54936
34172
33243
27719
2620
55346
1598
69439
42403
63034
66700
56341
21265
12153
47865
68931
2956
40147
56024
31930
32599
47918
9023
30661
737
24840
22895
56582
8749
17619
32692
9178
68109
19489
16487
63830
58773
497
13629
12607
504
4106
47002
38571
62442
63219
31114
66626
54597
55027
13837
24784
31680
74334
13092
38914
11691
48979
49457
2370
71280
11566
41696
15250
31497
43306
55624
18292
62460
18383
20268
32246
17626
41134
42553
33571
44919
61300
46505
48468
14626
68017
17931
75428
70248
2905
41992
40913
51797
73658
12551
63812
61253
29414
53155
37126
31174
70374
31190
61661
33665
51309
17611
43344
29475
21536
10948
57202
37545
71549
18670
22132
11303
32820
45765
36110
28521
16325
42358
67873
18948
4636
23289
46353
12001
36848
2023
75762
11765
28734
21394
54961
47023
64378
66967
5816
41659
33040
68059
68246
41018
29152
69305
21630
56521
17980
3339
52803
47569
25091
70744
71465
30819
5939
49861
26357
57705
24552
6007
7079
21376
59799
47194
2261
3480
42779
27089
15294
2693
75537
16423
69935
26904
53244
5688
11298
72330
17698
14927
17606
31717
3621
37120
51876
70519
67558
50273
73767
25601
35877
75679
1493
55861
40528
74106
25231
71853
72806
16268
73315
51793
62276
34539
60085
56953
47422
4756
24227
32629
21588
9479
24878
40641
3214
10889
69331
23823
65115
9600
62925
7034
25544
30925
12847
35785
12019
44736
10104
74390
21609
39996
50026
56332
47985
7374
73811
11393
4006
31026
22893
59630
64510
67260
31093
65198
13553
63774
14704
36758
37710
72545
45122
17245
47788
12872
35346
40041
52674
67767
10383
38989
25252
38773
55068
52227
50787
25694
15844
64643
68959
12769
49727
39704
30218
7109
53745
58204
18561
37302
51305
27343
12508
76523
37257
48819
19263
38386
43918
71383
50323
33220
45239
19269
47050
76270
38548
54562
17979
20607
20980
21704
10104
54378
13050
5709
35535
7639
44269
13860
8881
41205
56361
47565
63514
52094
57437
40693
20626
10905
1050
67095
70476
4051
15946
55332
62632
68083
25219
45219
52807
24156
18278
42681
17211
72101
75938
50460
41981
45581
44992
24514
30948
72258
32516
69293
72061
65164
62313
45348
6835
33509
68427
48555
16651
27365
68776
25658
56222
21069
24171
70095
30288
20262
57723
75928
15193
59654
19409
11896
5648
52300
38018
72762
71113
4256
50010
15665
69666
18043
20494
66765
46069
72689
5420
11523
73179
42460
1615
13738
8290
48249
73089
22403
41933
36402
51729
11405
45779
14477
13833
42264
21408
47123
73908
28256
26977
4615
23616
72455
4988
38201
68349
60974
63520
24932
45658
11043
70032
29164
29616
64961
48829
37036
62787
41060
16860
20196
15630
38126
21179
62536
8555
29129
75341
32528
64911
45911
31464
9188
52056
55579
374
37093
56361
8756
26509
14538
71945
1147
55076
66467
35794
14807
18178
64496
64576
12743
27401
58991
23782
49333
69294
48824
37720
30603
50709
63041
51233
47765
12798
3689
51438
60510
70659
32544
34266
73256
36614
35719
2884
70576
75297
70160
44007
47396
7481
19587
6760
70587
67279
23439
32464
69254
60153
23354
51528
58984
36398
31678
65820
51102
66060
20970
12778
73560
16017
74808
65397
75171
75417
5628
59881
43328
30100
20872
24406
7676
33867
43754
40614
27806
60272
2548
76537
71606
33659
20385
66965
40830
58732
64508
26512
1917
60106
25113
36657
71101
72707
69864
58509
13532
45608
17711
35080
55160
1055
31674
44836
1067
7515
41868
61784
21820
36131
52544
40583
66416
32057
8416
21075
70151
47658
26479
160
41134
35222
64828
39926
25138
31250
72839
13413
12354
59259
68428
9109
57430
61404
11040
69708
53585
75963
4741
1131
40680
10709
24491
35258
71829
57478
53384
1892
131
61762
63912
39743
8155
54178
4687
11509
31159
54172
14967
54573
17426
40239
40898
63947
52585
68339
13956
33347
65429
73465
72427
20369
35001
8336
74440
22114
23424
31110
39862
2508
57093
50518
20392
18209
76127
64830
76350
34872
14821
50389
25069
44711
56336
5151
42168
18115
24806
37307
11960
46700
60481
60142
68208
41161
9144
60699
2574
39102
46758
55590
62595
52773
37075
54266
32753
42896
28520
25053
41624
41214
55449
47369
73821
65683
17836
36418
73935
41863
24208
20711
18395
75516
13897
54961
12759
2991
64883
70981
66565
52297
69689
71836
16465
37299
30181
38403
27129
1992
71865
1507
73126
52226
6472
20846
46977
75193
38083
69400
22196
45965
56801
40381
32199
71586
48673
7009
13139
41215
44925
38525
10321
50836
7378
44867
46546
72321
34139
68473
4373
20612
58175
34181
58860
56332
36469
8727
24446
15122
44109
26157
24949
29422
56276
31530
17047
12916
3842
2546
42271
70548
41568
1814
5265
15097
59011
60261
76290
53551
33058
33744
75787
75066
34070
70063
20293
13305
41644
34832
25034
62208
12444
25583
4421
1583
27115
64787
61520
21447
4301
29907
6687
7537
26719
30651
38311
66501
1461
55830
59650
14888
40478
38451
9764
24961
29558
26570
31418
12250
61557
23460
47151
14521
20154
34773
13320
36660
27020
71467
18053
27116
59856
47149
69324
32237
1255
23823
13452
50027
25587
49142
21310
30460
4314
22306
35495
6038
8555
11585
21619
76498
15435
25347
56619
12040
60781
50458
72920
67522
28586
46882
72740
20385
29988
29944
47783
15993
74446
9133
57999
44065
39251
14650
39850
13716
18025
61387
46659
38847
65619
43606
64783
43801
52578
47610
25081
68825
42874
61980
48810
75261
11589
38693
9240
33680
36235
70728
39386
45835
47391
12927
56085
30675
54262
68757
75005
39275
55868
8037
21824
4196
75582
41203
75706
75403
36405
6017
6240
27642
36605
15780
43884
68016
50522
61244
37297
62613
63662
44765
52830
58720
45105
20067
67486
20881
57143
70906
67788
64484
36636
44707
33389
58870
34268
63879
41391
22103
62487
52741
20345
12919
15424
9237
68908
13326
50272
17045
41668
60485
23859
22087
65065
16484
42877
50977
35170
75235
62708
36057
24663
38922
8246
46326
824
7062
776
35205
65107
44364
49179
28694
9250
69993
73846
51446
5791
1855
68964
68329
37291
58113
70762
45770
57926
31187
49269
70763
19503
37747
59191
3504
75055
31294
5059
21924
44232
27733
61801
50448
9611
20519
1909
36544
33014
23192
59587
42529
27872
42214
56668
67032
37576
28186
5657
22997
56067
70503
52782
42837
18001
40158
17217
59415
51411
54761
1219
15445
70499
52089
62410
60282
40641
20381
51010
52755
45441
26744
33981
75683
55137
76003
25864
30317
44986
59806
14294
17183
27603
69854
43851
16854
46132
74274
55451
14301
64815
41761
51910
45891
54282
44181
60856
62910
20529
31151
12924
8625
71763
17612
2000
72110
42599
14749
40844
70864
72947
69545
26674
5153
16247
41401
51297
22054
50278
68127
59753
76422
19795
30948
28962
31257
38996
72150
19192
3636
71760
52622
26538
50768
1138
36041
64084
68073
4406
74282
71133
53983
10168
16064
44039
75850
138
8539
34288
30788
16129
49398
1655
75689
44416
43312
5755
38287
46774
17919
14405
64529
66269
70014
53046
7544
50138
25776
66563
55551
20932
66449
50656
32553
25635
48455
24346
34737
26638
16010
54671
64861
19120
48712
51213
6821
43380
70887
34973
72238
43684
50245
42543
31015
59959
677
32730
27020
37134
11459
6529
41893
27789
43103
13818
28104
5900
53443
56837
39087
68308
69161
37383
68651
4209
1912
69638
66335
52269
188
31765
51233
75233
29791
37703
62979
60244
74733
63455
4827
67090
9494
12398
53158
47504
60451
12536
6014
21794
46184
75223
4714
60449
13335
35264
34222
37381
31866
57302
44015
46874
44622
41850
31386
67567
70595
34469
10390
63579
23834
2443
8938
18438
33196
44370
73543
9155
40610
1450
44525
46722
76277
44920
60276
28486
39040
30040
40456
25482
21966
35521
21046
62424
26618
22473
62178
50286
8084
39433
69354
58675
12685
47404
30575
49974
25673
35042
43723
38182
8124
42197
4878
21545
17751
38532
24256
50230
62089
43938
59557
60062
73180
45787
57074
72306
59662
5092
3123
24867
62192
5034
50902
53914
37695
9603
10778
54503
52024
67742
3123
60540
24361
41244
42074
62252
74281
26671
33887
43906
39237
62733
28897
57048
9192
54783
42206
42697
57142
29008
46754
11007
73985
46534
33135
2133
48988
25257
42287
42961
52452
70296
27166
41704
3184
22269
69124
47938
790
44791
35729
1910
64810
55399
39756
59726
43637
23853
66765
8283
53743
8156
73620
24511
71748
65878
31001
73747
64960
74115
28813
43337
39092
66749
19290
69965
75032
44438
71539
32530
76343
21797
38749
4455
26511
50130
6275
18072
18927
33049
20169
46274
54236
55214
3031
67823
43954
57373
53280
41225
37639
54385
40668
70836
23202
27829
68353
61948
13386
34976
11660
56630
12958
8623
5523
4603
53262
12318
73618
37318
62889
64859
33494
11097
47024
16783
37930
64087
828
35699
5179
50744
52854
54960
62255
45951
4929
45477
11287
37984
66011
33002
30973
6557
76386
7885
1833
21857
16368
57247
4894
42140
27544
491
53735
34339
35865
58823
34207
47392
50258
32597
55834
60155
57313
11467
41267
36901
4815
17652
34991
33406
4021
59987
31558
605
30574
37815
52894
24501
53363
10909
15302
35947
33971
20957
4907
43068
75560
73220
24251
63299
43389
14994
70202
28066
38836
22064
61927
58180
60651
51918
46522
58493
59876
1292
52269
46486
10896
22688
16034
51121
5948
33401
19351
73003
70144
75852
10427
53254
55284
59196
39136
34149
54434
47997
45995
36374
69891
6487
23018
49136
25853
29005
36690
38482
61200
34995
36715
63854
74908
4698
30319
65263
40319
60774
58878
12774
23003
4809
10666
4958
34051
59111
47032
2335
30315
31870
17847
10244
30695
8978
25893
17593
51467
10390
58489
50822
56592
45587
38866
55844
41756
43125
38560
27724
45806
49886
16303
13127
25352
65305
60966
5870
69123
36790
66889
26032
18073
45938
24970
70902
34935
23605
47431
28729
43942
32352
41293
73107
62200
4520
40858
8330
51591
67198
49046
40228
68475
47766
43432
5213
1597
61642
48274
75634
21360
58072
59784
23316
39096
19793
76181
24824
25727
69893
33266
20529
40354
64412
37172
30627
17823
6566
74452
14971
35701
59959
74844
50872
50917
465
14901
58190
52713
30872
75311
12274
36429
64266
72993
51044
40487
2636
26122
63882
74463
52515
12725
24111
23591
74678
24985
68417
75200
15633
48306
2717
30054
357
5764
71776
47039
12049
54320
41169
61403
6145
38688
48609
70734
23152
6028
49060
32545
12596
58591
74088
48285
7564
4772
29046
42878
44663
4738
37484
34405
10103
35702
67566
63279
22609
16165
25508
39261
37936
65276
74151
55884
23897
5701
49432
65073
66462
2983
63005
66328
7564
14395
25989
64350
40164
14376
1214
37397
54369
75678
18438
20882
41135
53939
66070
53629
25646
74479
65036
37044
28316
3610
22689
5971
64300
42112
19692
27633
47807
23326
860
71748
63248
31830
73754
277
13986
46117
41148
61683
8381
6636
63615
75331
35660
20063
8379
74870
39197
9443
63539
30769
76219
42549
60484
25350
25508
2012
18684
32740
26539
18200
15518
13421
2900
13975
54083
8842
40577
20629
67285
28371
75250
22405
16440
72798
44991
31511
27742
529
51643
18351
76263
16190
5472
30657
54110
73825
71847
43988
38096
64811
4481
63496
57216
61264
75139
20765
26970
15532
46075
44474
44813
43790
32853
29962
36979
61203
45842
75315
21676
18816
29801
40804
5967
27107
58439
46215
49044
67639
8407
37040
49012
57264
30862
46347
30955
57099
74547
58395
7778
61433
6009
12698
48795
27436
4262
25010
16047
46420
3686
24851
75504
3353
22671
22793
14232
27633
483
12511
23037
67477
46696
68086
60866
24014
30122
1947
76366
13713
12781
75130
6878
13498
25482
49256
44111
14852
55784
25395
62006
26102
40406
75207
31101
24221
63898
25330
13292
21718
3766
59877
63879
33866
10905
45844
41962
42694
30358
73221
48038
69586
50481
34478
3680
20681
57578
19171
67257
11614
2990
43160
12083
51710
9218
30562
59360
38674
53446
67522
9091
43244
7553
51928
45106
12761
5826
49909
12384
17206
57581
74391
65953
8159
20347
47413
38113
25692
50080
43255
65724
73095
62054
38235
46350
19753
73974
67389
1052
70951
7915
25864
7669
23140
47585
14890
42969
13787
32237
24605
27545
29275
11339
67523
4241
12472
75522
53342
8335
74346
52666
17440
31552
27857
8168
27905
76452
57661
24090
45993
50313
58256
1256
23612
73712
45307
49235
20502
2098
15981
69067
73880
66309
190
50982
12126
44444
28733
12307
56350
38381
70036
74223
18378
74955
8726
26944
1271
43459
38171
55464
28971
68755
1791
41255
48369
17054
73114
63235
56534
58934
10228
55212
47038
76585
49993
60216
7309
32787
72512
26305
47845
23370
62358
24186
13794
29394
6483
28098
65755
74445
64142
64647
30741
33851
52394
2073
28078
34268
50802
29197
68674
3862
21116
71346
34649
34640
59226
61363
61071
52619
59377
50852
61028
73805
35744
8606
36559
25593
7545
42319
39277
12080
27174
20095
21686
14332
40907
14131
42765
63841
21347
47134
67175
7505
57524
53653
10101
16410
44975
47227
63469
71314
12769
1878
37549
18663
32227
26979
56022
24297
74354
15594
73886
4466
67963
65390
52115
68515
42105
45067
40108
62303
32223
52547
52133
596
13892
54269
52590
33928
53871
61393
26166
66919
37743
61334
11066
65657
13469
76007
50765
30387
69785
60589
55329
28942
16831
53939
9505
38244
59373
51518
26009
11272
71412
41358
71059
40705
12687
33328
55273
15157
58000
48870
25570
60277
48011
60558
62860
75544
73452
32361
70535
19493
62508
76025
42090
4520
52706
32789
22539
73747
29136
45743
31587
3889
52182
22245
28327
62068
17714
9423
5955
67176
33213
12648
74551
20117
47553
3416
38133
39008
53000
35741
32256
48407
13359
62863
29364
34008
75086
10519
43304
62701
20709
6117
27266
30203
26779
43084
32638
23027
4415
10475
44724
54532
45023
10364
65631
50771
9951
5777
55686
34593
36417
49209
32106
38939
18665
63618
31924
51352
40827
76467
51589
70427
3987
68060
52791
15406
32222
29528
6844
5494
23885
47248
23167
23115
68609
56385
54854
15971
68187
63645
75770
35238
56553
13579
1530
64272
56196
60976
6605
54378
7180
42848
76072
58814
56617
21832
6435
64010
55020
64786
60258
45453
26134
51887
53336
58032
54682
25542
75230
47379
21917
13935
38550
31587
27880
211
4762
12842
55111
19920
76339
7181
33975
45148
66704
28267
10169
13977
41003
24958
8886
38344
68689
964
19432
44811
11098
42369
4282
24230
16590
52296
20930
1023
75626
40547
8162
11486
28854
10458
10515
13241
74637
8805
57802
48331
70636
3258
25383
45055
57180
36694
30877
47298
6188
5573
26815
58252
9843
28389
3582
13534
66439
25613
48838
67471
61923
68344
26374
28546
47377
2086
27716
64637
57320
29318
17811
11128
48596
5214
25228
37988
70451
53625
23539
55747
21354
42250
42067
71710
25358
12688
50295
61489
1246
23219
58112
30019
58731
21557
66735
4849
1407
74710
12357
59796
48611
15680
66011
56936
37301
60020
64635
33322
47144
5324
71143
13786
72599
16319
75303
13433
5829
22764
70385
36513
51316
20944
49333
64347
16453
31091
53011
62196
26254
29375
68495
32976
49481
50580
50609
53031
69826
6212
61092
23907
19675
11176
72410
6064
8238
19502
21488
29228
68172
65909
12232
49885
73636
50041
802
25326
70425
129
2160
41435
4410
44715
64133
60762
39579
6400
75532
33422
6319
50416
26849
1350
40785
20687
15127
29602
76496
21142
59720
21213
609
37232
4230
55808
45324
7209
38327
71501
21520
43121
21481
26177
63633
76140
11684
42941
21582
21228
29269
25557
70657
50200
58145
4055
58923
46876
58843
2771
43961
17190
44825
53274
65418
59548
49048
66058
21511
41238
60202
58708
70123
70169
3552
30426
44886
51197
51197
66866
34986
44146
22548
3548
49357
74325
70509
7041
19122
68977
63511
51189
18794
10677
47599
3927
5626
55016
68441
63905
55804
12565
10929
18768
57382
53727
59369
27697
12147
61410
67852
9665
43130
18735
65353
43173
51369
40633
3189
51891
40379
39556
43096
68910
48318
52798
37839
33413
10415
37237
3713
12963
54971
45741
55496
1533
11539
76492
52566
53904
54577
5025
64576
57148
10636
12474
23903
460
31396
30844
47342
12899
38561
69462
67345
8510
8528
62993
53979
13866
63686
69919
61004
70675
71062
27444
16206
52710
55752
49048
12564
30685
24368
46223
33105
15379
26404
22145
13000
68870
44659
4768
49167
18327
12189
28533
40741
67953
9786
16691
67105
42201
32117
38411
18818
74213
30989
50202
38979
36943
24803
67738
75973
15349
26049
49455
10554
56906
32824
69155
4295
33260
59966
55106
52167
16258
12713
49066
17585
7353
73180
27162
52200
46681
5450
8022
27046
59258
27173
720
57847
30112
62599
39248
36771
32405
29842
39429
16254
24665
42137
16009
16142
9655
37744
52643
34463
43629
50950
57222
797
76142
37339
70599
48708
32288
71609
2384
2528
12366
61696
43423
22706
66662
10741
63330
25656
18558
49236
72350
57640
14653
75746
24743
49507
28710
10086
29942
22505
55431
4771
59711
55829
26710
49262
62544
4135
61395
45300
4729
50235
11879
6293
9724
56269
68510
1389
59679
14355
52592
76438
2346
22744
29347
30973
4857
55505
16279
33063
59958
39775
30433
57203
54373
9402
16320
47390
27645
4291
30995
16692
60112
61296
41275
28952
10545
55900
11319
4963
1866
42361
38299
41820
52800
74244
66900
63160
41964
68266
53719
1029
68140
40012
53782
18914
18967
30900
62726
45804
51989
23355
9050
48898
37742
51546
71371
19017
76559
37828
60262
11866
63105
53832
6273
9862
64761
55378
56778
28545
29535
68977
66803
73631
1540
66245
45000
55406
31527
30744
75195
60830
11026
57758
151
19769
51760
63292
14695
68731
36068
54301
4060
74445
75350
18559
42906
16799
22825
12789
29185
41410
55301
14772
74245
34000
6522
53432
26873
8169
43746
40789
47937
41971
14584
18899
59635
47408
26729
51134
55083
42639
20847
41278
43264
69842
9468
11743
5695
20619
21919
48417
34235
60738
5185
7706
59547
15335
40745
4243
3486
17192
47876
55129
41781
21152
27024
34029
37522
4980
53757
28804
71839
175
27990
18574
18761
36519
34759
67259
76088
74215
73369
3677
12487
61157
72451
72772
17095
12116
27836
42398
70966
70682
6007
44440
58813
61818
68591
75411
29208
26957
74066
13547
48671
49411
64154
7393
4870
63502
16437
8057
64229
38264
11767
69367
64623
65425
44180
31153
52950
27072
38493
30778
43687
53392
60564
64232
59924
25113
10667
57306
39398
65517
64791
2585
20553
48238
62984
11086
46666
47476
41247
30780
64616
59232
57102
75613
17758
35450
6512
6273
19060
72172
61062
47345
2735
19329
72937
18767
14069
23559
29989
22794
8779
15228
70276
63409
62029
49195
56921
37993
75814
1452
70017
70119
73253
46978
13270
51659
30054
65675
36335
41625
45522
46782
8995
51120
38986
29446
7567
44459
60856
17681
51925
72162
60873
38854
59497
33242
8227
34738
60599
32331
13304
46476
17987
17462
23564
55422
63254
19305
47514
12527
66656
41421
29700
58106
494
60735
59546
44376
49191
53658
20014
63293
44836
74443
10214
60446
23713
58881
72091
15865
3143
12460
3313
46931
60685
50041
69370
7803
8868
5855
64774
19276
45478
5766
12505
48784
48014
52596
33844
71933
55466
66232
7099
10976
34178
26584
39791
22629
62155
76624
27354
41503
40285
58969
41791
56130
21461
65675
46958
48378
59044
52838
28295
5411
34439
14112
35594
67937
67194
12561
27136
53487
17188
31253
6926
52850
29961
1862
33669
58612
55605
6990
29741
70993
24263
23164
27376
58640
64104
5978
36186
62185
46633
28569
63953
9394
54331
48579
13066
42498
23829
40041
12024
64124
53204
3907
74615
62328
11498
71955
17523
68325
16962
45962
28018
56164
15079
21334
39282
35758
36450
75674
71779
36018
15265
60609
7619
71717
44860
31699
67140
16313
43024
31968
30999
68515
11098
59558
29113
10744
40212
22383
603
67155
3769
12564
34777
15641
6132
20263
24352
9978
43414
61820
12228
51530
75185
10891
10344
29096
36802
73762
74726
7073
68238
228
33179
34148
30553
8511
32218
58433
72594
23576
49174
49321
71262
62923
71268
41650
38867
8364
67829
12025
55423
28603
31675
9697
11141
38583
19074
35018
49990
25034
53459
35783
31350
38761
17591
27983
49388
75099
70089
10449
3700
67028
41533
8019
60898
6733
29533
50199
70548
12038
10142
14650
66212
4408
62998
59608
32178
47727
41451
62888
52020
58643
15325
17542
10633
50591
3625
2640
42560
14540
1739
12025
43380
33838
64788
64773
25833
57294
1868
72331
65117
62072
48454
22367
75467
48635
62225
4982
57477
36237
52374
37933
59499
42554
51716
18582
65591
54471
10180
56523
1164
13057
15269
50024
71195
73591
34219
67193
53753
34515
31472
55326
76369
36803
24313
50562
60676
59315
61799
76037
39305
65177
37480
4325
13986
669
20654
35833
23727
35235
23302
66098
20804
56190
23675
36023
69651
65215
32566
48167
39242
8597
72381
44450
21056
27497
75119
70465
45595
16642
72602
21793
27452
48805
58096
41467
12432
44706
46058
11314
2011
17195
36126
50561
990
69807
66764
57600
71335
57491
27481
24234
16701
41172
10635
74896
49078
33470
17866
70473
19331
58102
41353
35252
1856
70724
69415
25235
25259
13500
12061
26363
75403
10927
38792
61946
35448
41171
58731
55203
2905
33988
70908
39769
54682
6334
60256
50530
39843
9970
54718
34210
65884
35722
39046
41873
18306
73778
18165
17829
3761
64717
36448
15482
4600
6832
59005
38877
71353
71156
19987
46445
22576
14336
76490
37159
14879
61602
75032
66987
9834
41345
17404
15758
11801
33196
4880
44728
12986
11521
903
2064
36312
49691
39728
62445
18793
3432
1914
52105
30699
73303
13645
22695
20574
39277
54865
18099
44059
27518
7270
7863
12922
43177
64416
35370
58562
14999
28828
8643
67199
38479
50063
37709
25663
42468
35162
49355
13997
64595
20393
71311
51485
1786
75835
8420
43031
3438
21218
38665
37502
11298
19119
32328
32690
5451
13492
19706
1652
46159
16055
14783
39693
13961
6683
45896
32552
76530
49075
41469
45957
23199
64497
32829
9390
50644
66564
62237
62619
19756
58634
47409
8754
21411
8399
6402
17311
2411
40758
29825
64071
74860
17249
11247
19186
6283
64255
44819
67410
49854
42430
62695
17221
36868
35978
14884
47770
75901
72680
28688
24036
1498
22010
59645
44032
37220
47057
35711
40314
59493
57282
67733
50511
59220
9472
33990
62936
68510
13940
7083
1118
63824
64050
20027
38433
33749
2151
62000
35213
32784
32098
61104
10357
6733
44553
6016
47001
33724
31115
13920
59414
63930
64167
38644
28743
30393
19384
74969
31257
52494
33159
34311
4513
5716
36288
1882
49086
45695
24154
70656
15683
18997
46631
2192
59461
32469
35597
20759
21863
8672
70275
40423
27759
45260
17432
75963
693
43309
4768
65501
22212
44582
18016
65963
61506
31973
3364
4429
50835
19228
27443
26211
29472
36671
27821
43438
30007
14591
4265
41842
44911
63249
4666
12189
74724
29240
29492
10743
64647
43080
49112
16570
60441
38996
175
60166
42545
64759
64333
5363
51978
58654
35290
14200
74804
253
24048
1787
20583
19328
58692
15353
48415
53638
68983
39682
39137
35270
28934
63206
5040
61039
675
76598
29265
30807
4346
368
37095
57219
56119
32068
38878
16843
24349
1843
67854
73005
1841
35613
32324
14328
40907
61382
57582
72160
12302
34880
51365
9344
7071
11617
13341
44358
37141
33441
18076
50051
38051
48573
52784
57398
45824
14259
16613
46935
66957
45157
17351
34017
3533
49302
7226
18938
35075
52251
67157
7401
16058
69975
71241
63254
39969
1716
48145
73245
14131
51362
36938
33760
12359
70444
72851
58427
64847
60087
46584
45174
58420
76219
23437
23705
36466
11198
58751
57853
15357
52950
4031
56803
62580
11066
26249
26673
1792
41267
46083
34444
21587
58396
40924
57973
5589
4867
649
44712
24828
11532
39854
10457
62281
73221
44337
44880
50865
56798
14337
19006
17163
21439
75827
37863
32984
29538
74098
65789
50908
21366
2079
50328
6041
65363
5271
61323
41740
34977
33951
30851
19667
29566
72231
58216
44572
66937
65052
41464
6005
75860
8676
8248
55301
48322
1008
40279
33953
27718
66141
60925
22572
9251
66678
10870
333
32048
68871
42991
48829
11613
3896
31512
59514
25581
58106
42819
9977
31886
35391
19388
2048
3643
49981
21623
7336
30195
46470
7876
24633
15394
33248
65979
17660
27955
36683
66394
48444
20098
47570
113
17197
43632
9211
14664
50207
71394
20058
34846
37974
10024
66980
20748
47200
3564
17235
56862
7445
27056
75504
31361
2344
75090
41596
55214
5591
43463
42837
59292
56256
58033
19666
60387
68987
6131
16849
33428
19045
36928
37438
35425
13835
69595
19085
78806
50734
71448
36969
41061
8792
67102
43653
19542
50514
15089
45289
25050
21776
44708
73258
29454
44816
86179
55338
43979
54848
84635
87543
72681
95949
18984
22426
57586
25275
96633
12846
24377
87212
48940
95594
96790
27767
65114
41264
44237
10493
34535
30278
40062
96866
70845
86422
92290
42387
80170
91248
19445
50557
87591
36615
36984
55414
39436
86130
47587
16810
30667
89207
51032
73405
18242
44781
83233
21193
73760
53407
19134
35602
35112
44962
41086
96067
29343
88161
31325
75116
57364
17244
95432
28627
49818
47572
19453
57412
42227
88898
70063
29903
21100
62503
80659
35705
62401
81483
65338
36048
13605
93554
22350
10438
64374
89850
33998
58584
42585
71550
46343
33078
12703
69979
91118
49909
90608
80908
45385
85311
21043
78944
92871
79887
29693
92870
10854
82345
41856
48980
14066
39167
13642
72463
93026
14983
96384
44151
27274
91214
45591
28190
51318
94956
68235
90285
78769
73725
79279
87368
75106
70119
58074
71663
15081
11973
78831
40932
68601
63429
52355
61443
56585
42286
42677
10211
12951
69017
56606
18949
86593
41092
85670
69724
68118
87295
55223
43800
28361
28469
68696
23269
74909
38038
30087
83422
90821
36622
8974
46251
40196
55272
53119
32842
90572
15543
21817
34365
60716
39671
47849
57216
31053
65756
82883
96488
16793
59955
38420
10567
36644
9148
47056
92386
21577
73852
66416
9255
44570
90177
10927
78395
59693
40713
82715
25453
12148
45320
41499
86052
60057
79060
74669
22153
53327
70043
90934
70342
58778
88170
26764
29663
74082
42892
96550
31614
39059
88906
17797
85411
69858
34342
15616
22152
20838
25600
23511
41350
77804
42045
46852
92362
97184
71341
42072
89696
16938
85816
9890
64213
64345
80409
9695
32039
53389
34903
66900
43794
12778
96459
22034
27697
9686
40675
88180
21004
60679
66955
31055
23007
43776
93384
27205
92680
32710
47827
36080
11634
28568
57713
79341
47785
13108
56345
20014
49299
57875
8757
21606
32722
73169
24784
86839
48406
11795
41807
86383
53788
39067
21457
87922
32658
95849
28338
70778
43924
63511
32736
48387
53515
84056
48814
49198
30394
72738
49533
34067
74044
78051
65162
31344
90176
18968
55719
93305
94017
37597
30329
31206
80636
42698
86038
17994
45767
93769
54826
90701
83728
88118
90503
18004
41691
73146
72158
18840
63186
14688
50933
86039
74774
21346
50135
25761
55934
73433
67340
76612
67495
65259
44408
95121
78206
83716
82560
61171
71361
23881
65884
38931
46097
25916
49533
54055
77246
85225
35622
20270
21761
78176
43679
93171
23298
91624
43524
15571
45748
69871
64944
27068
22834
76795
58827
90875
76009
58763
24465
53704
75883
78123
77541
34531
89115
71156
46525
95870
62591
68044
11542
60771
50896
15631
37826
45344
32466
93986
28398
47892
11994
58264
77244
69096
89075
81874
71736
51531
61518
81945
66280
21819
57446
32302
16238
18821
16722
59113
26633
85511
86347
52968
16600
29601
91800
95779
50767
8994
50648
9919
40452
53237
72534
41973
42539
25183
47278
26694
34316
55138
40328
61598
21947
62350
64063
84004
20902
87347
38067
66824
22007
23296
49137
96673
87212
21007
17622
54020
39824
34099
69443
51171
33535
10251
51313
51961
75244
49005
14278
37440
40284
28659
23598
44274
19207
46679
15530
80780
93094
15791
44136
72054
11680
40278
43180
73447
14661
20796
26935
13243
34418
92838
29156
59673
91064
20199
24761
33617
49131
75656
73882
91209
84627
38377
22291
88133
45093
29647
55733
54391
79163
43211
38426
21446
92894
69808
34119
39373
10884
56764
49661
45781
61744
93668
40722
23929
87707
90520
20483
67760
67687
49874
50626
87703
86230
40102
86662
30243
81428
55000
86799
45106
18444
96936
32827
38292
31090
58170
82579
32434
86038
62603
72944
51106
49145
12808
10803
91413
30400
86713
38355
51370
29831
77311
71041
75307
58627
49376
40538
62852
43319
29561
67164
68839
35287
97423
85815
79661
41999
34331
13851
83040
97144
77697
93011
13159
39394
83503
32810
81402
55363
20730
22902
12761
57132
25192
84832
68140
59027
20864
60041
22760
42425
83450
29042
93835
53803
32728
24798
75602
58746
29250
78311
71290
8786
57038
61898
76664
59620
20369
64712
15127
86524
19645
12294
34383
94613
85228
64559
83644
71373
93009
9876
29519
23449
25101
15517
82951
55413
32437
75134
75859
91981
60746
29780
58811
64188
8800
43610
87780
91303
89527
22345
37396
30415
45280
72369
87816
44381
31070
16489
23592
48794
73763
41145
20723
57933
44885
56117
8921
77156
13688
53828
29927
54408
29476
53977
82381
67988
81911
25693
76895
26124
46257
59500
69169
20450
19657
96416
84140
31584
37252
9528
85410
8683
97272
49125
30852
93806
96337
53340
58883
77061
51297
72465
16700
97621
9320
91785
36599
85703
87853
9672
39015
28125
30009
95771
56759
64519
80896
68204
24390
65166
34911
80195
25008
58204
51202
59980
65998
34685
92454
47576
48156
92798
91770
92746
74709
23166
8731
94586
96158
63660
89859
71230
59444
68630
89832
77500
33835
43315
48648
37994
10638
37898
79829
47423
85410
91813
85347
48292
39722
27503
39163
82058
29324
64986
80391
25282
48524
58606
32025
26740
34136
12662
35447
70424
11068
21833
73039
93637
77965
20776
30882
85628
53417
75079
84558
37659
75695
61847
19315
26674
53458
21458
14647
31005
93039
49312
61892
27061
22012
43653
71465
57844
11500
78271
10163
74494
84465
76070
32452
61220
81011
70982
11465
94092
78460
31197
75202
54332
84142
59688
85529
88242
56509
49393
9737
92157
27534
97115
24358
11157
62147
52929
39953
76672
55157
75060
29744
79862
22308
53474
73232
82795
67630
47065
32974
89364
55734
84358
15495
93947
50181
51240
33442
35096
67425
56618
45913
69359
73221
95498
17468
77373
28422
96900
87677
54719
63927
61996
30006
37318
69418
16773
70496
12327
46155
95403
23753
95016
90206
62487
71822
22842
58992
64634
33608
75857
82445
66956
95615
41756
84022
40160
10190
95546
45307
86312
72296
63687
36495
46735
83926
24214
54627
15794
20142
24993
54848
54524
16654
50901
93020
74921
34325
81683
34208
89907
41503
28362
35439
63708
33451
49763
38846
86367
86275
90640
93459
55262
84235
38724
31397
87344
51372
26752
13993
76303
51497
30556
56428
44923
36265
20004
38685
57346
63540
63596
26853
16307
52314
21360
73617
25466
57983
64329
80105
23910
63593
9947
34213
72078
91844
44200
69461
71578
69730
91960
77578
83480
17807
90321
77771
75847
71316
87447
21456
29401
55792
86569
30141
58054
49026
69648
43612
93077
19575
20803
39943
12052
26456
45443
96428
58617
46599
43174
25310
10980
71372
66073
29791
97154
65022
35606
60231
91863
16433
73765
14729
64059
39387
55497
49272
68475
42360
22989
44906
90393
45659
23599
80908
59705
43313
14915
38688
24830
16766
11700
19143
85352
94357
26715
10991
56977
89372
27424
22772
28337
23606
62274
81174
79512
78398
42266
39376
27283
62998
80649
70329
29659
70839
19354
96369
70348
62835
11668
40941
80982
27141
46740
39684
47153
37346
67942
93088
17545
48830
41131
10705
71315
19868
9854
70579
57364
26638
21831
35554
94396
70907
88079
16716
60855
51806
44458
20920
89987
46768
35130
38294
95245
39842
93249
72642
68742
44020
13215
90831
44121
90846
50731
68501
40674
18361
17801
13295
92499
41460
66992
56573
29477
81550
48852
85228
31003
51781
77081
48561
11251
63155
88441
52141
86852
89362
14022
10298
22562
41187
10069
37742
90634
41633
91226
80150
57150
76970
38726
66592
75472
93540
15770
10556
17523
37327
47480
12609
93367
31126
73407
85521
72242
60979
75538
11912
49293
51538
82988
37669
62924
8710
83782
49900
47320
39624
64683
63565
62017
68732
39744
90416
25836
78745
19788
9355
60966
26340
83736
84840
52128
93217
42711
24467
23474
28803
33962
71395
56041
96276
90464
82168
35645
90606
36491
22313
24340
59919
26784
49686
50685
47959
63079
82832
30877
63872
31505
16213
36658
75109
94290
56504
66045
71857
42195
40111
67961
75422
28208
50087
75555
10928
13477
82840
90884
74124
49585
54605
82873
79646
53361
57122
27360
67400
47792
66769
45693
55193
42108
60559
64658
51359
13434
30701
64619
95559
81689
34419
81903
45278
19631
97554
90067
33637
34444
51966
87744
55097
42716
58492
34312
86972
48600
75049
10734
81134
47838
59328
61182
16048
49349
70762
82777
49976
52138
65648
25694
9066
43307
70588
56887
68096
65224
15070
29316
33951
58236
64585
63227
58173
32875
91273
39835
73515
32549
41804
35035
25291
35012
91552
81776
65438
9322
32328
57243
27134
57496
23459
63177
22667
32213
35625
41206
69184
55954
78733
75731
75307
37476
62865
22990
23742
96032
87079
13398
58006
58003
51926
40941
52992
71648
67443
26619
42754
53145
92071
34598
42908
80259
41456
15238
94890
39792
74448
95042
32104
35415
52406
92286
67041
9127
95509
69563
44476
97541
34562
93807
49974
47930
25940
72296
87617
84884
27698
78539
42106
76715
17170
26267
10456
79509
70319
55796
57311
45089
35281
42962
64327
8938
69216
32121
84503
65618
65657
49774
92334
77447
21976
18845
89977
25543
47334
11651
40092
73926
78570
88553
19398
57913
59351
33720
88740
34783
87788
66391
20299
46586
27889
25435
24101
9791
46560
54172
50569
27438
53068
61988
12832
89039
17048
31043
16491
83927
17807
80032
55754
62834
86395
89591
11109
34936
26250
17380
59931
32166
69915
50604
40397
67662
26351
11867
78998
26799
26881
80253
55163
75386
36403
82592
85866
55893
86999
68545
55419
51984
83085
32095
41517
55854
27860
93341
47813
93233
89820
62327
70318
87646
95749
63804
58927
81649
41233
95222
64066
24605
35968
86306
34908
47075
53078
22303
74409
9460
44560
62098
69021
70225
14194
60612
96129
73177
83879
37221
78693
69228
63340
49163
75533
51599
72390
25668
60558
89086
16431
92477
70600
59098
66236
58911
88558
27143
71609
65561
45572
27587
93346
14098
57273
39805
25618
10641
77517
93709
48717
16698
46339
57665
27446
38622
32005
54745
29337
80499
48428
19095
56191
72340
73497
49436
20546
92276
52566
29386
35725
89177
36485
30037
86895
47034
47177
20324
39837
14005
22912
24355
58083
21771
16854
72699
28862
41688
13797
84672
20763
34739
20977
58036
92207
13401
80826
58413
78735
85039
20710
49795
22807
85099
67125
37888
82450
25060
57213
64681
52854
59076
94005
48844
46420
69688
70766
25090
62448
71245
19741
30871
18146
26579
62292
36833
36272
26465
22081
29377
71129
66703
32839
64583
34673
65869
50941
37203
84054
86026
95962
59577
53966
88636
46455
77730
39197
21753
13319
50398
64548
56647
21600
40435
46830
63745
28297
85054
63780
12983
35842
26736
16879
30763
71101
73098
70081
71161
39481
30857
77195
33002
64686
61294
28882
76289
85223
79387
64975
65683
65579
20107
71691
56195
39517
30893
60441
92378
48509
96814
89770
73978
22021
87267
15742
93190
58826
97226
73652
49023
81490
38346
57234
24488
75163
66046
9964
56953
81014
12833
32122
64609
93235
58615
74509
32780
89957
86376
94101
35229
96609
47862
16590
89031
71895
43578
61608
45702
12433
79755
93881
79025
53971
80960
97407
19195
95089
44339
37812
14311
57871
38090
22252
35989
96293
41755
59496
43314
23032
37086
86984
30715
9440
48922
15503
65904
40890
46747
28216
73188
38978
68336
89590
90755
58336
74498
32172
57217
96890
20933
24687
67165
76055
27882
65360
77786
76145
22190
61541
36673
79642
20240
70484
96651
84147
76518
88540
17422
54900
20543
61577
38574
29010
57940
33531
61513
10144
72620
48196
68164
27138
33575
9307
76608
10540
90791
12552
39371
89409
35389
16193
58677
78056
54317
11981
55502
75684
28160
24246
44031
82423
57701
12652
40123
92995
86880
47340
32081
60739
18873
93580
59432
66088
14688
58509
93104
15024
35316
84436
12221
64903
32105
60237
38942
77708
96005
77638
24248
25023
34968
15476
72542
49219
31809
48796
31232
35877
11101
38091
44384
33216
54806
22670
90663
64894
60852
12748
72504
96498
18837
68330
57612
37559
17295
23435
90213
95063
83546
54001
70894
34906
35206
85636
46779
54113
72510
29980
16152
43241
17655
67556
90201
25073
17939
72610
83245
82510
49642
70646
66420
73855
17070
20839
10391
90619
44023
46190
22928
77950
43317
81769
13442
15787
78384
75095
16194
17734
29752
59415
76530
23719
46636
77243
94383
32053
31724
44139
23963
11395
67505
40327
18494
46085
20369
86023
22807
42242
39335
70589
85881
58849
37966
47187
15585
50120
67567
27398
52867
54111
72264
55600
76570
77391
19152
59532
89224
49847
47809
43445
27164
81062
37796
84667
55136
92871
60666
13554
88296
14247
11424
57905
56609
35666
47589
18479
80353
38385
47048
41327
69823
57686
11957
81461
73353
22022
59682
77590
66636
50805
24250
45885
24994
69861
25099
19015
40367
21102
88711
40953
92464
23801
61720
82849
76819
13773
29467
92504
88384
92936
37137
93879
62016
57385
83437
50203
79813
56810
87821
84759
21012
31230
59191
36391
86086
74950
11302
74054
97599
47066
93955
82325
31120
83221
90109
81951
66683
33107
83640
55088
50700
46206
21687
90949
75203
50331
14215
13142
91360
51953
32870
40014
93549
88055
72993
17541
53301
42782
16551
79870
58581
14425
81986
55196
36477
14341
21054
8951
23651
49498
59101
81953
50185
40774
14812
22881
17143
14666
40152
22526
13052
34396
85934
76459
29755
35825
38818
39667
84490
11574
36248
27618
48648
66951
40517
74574
86991
50161
97134
81312
75214
52176
31945
93709
83483
87009
67084
55919
75403
93880
17150
44664
21461
92197
31995
38941
26749
88385
62239
25202
67987
75521
34662
34634
10667
44763
71422
42676
49600
32554
88842
91993
35566
85967
40326
53234
71769
9426
59976
59329
75131
95167
80698
27601
22508
27444
92148
36703
93982
80661
82788
27748
55518
45397
89852
56936
49297
36637
10746
57519
23174
66926
38221
55010
59444
58938
26351
34268
83559
38523
78341
55895
27565
17946
57428
90704
72567
75336
28814
52545
58713
20864
14439
35311
42324
18754
93936
42355
10689
12167
34181
90410
68559
80365
24015
90075
95832
39855
10917
35367
15732
27133
27580
25357
80670
58217
71274
24458
35462
48543
44788
64790
34088
18472
29529
43809
29699
10361
25485
14888
39389
57175
77440
19423
70097
22394
90431
66800
29621
68530
29166
66302
58555
40037
25695
26898
52950
15564
57502
63801
51751
12764
44111
46088
79785
91343
20422
48552
28356
9769
86511
18908
73582
45926
42956
45453
55506
48562
49426
91823
75319
90863
45839
27110
48916
74163
78138
69048
66135
63532
62288
80065
80730
23009
27977
19154
60224
33439
97296
55752
25275
95827
76237
22864
67033
57768
12662
44778
16891
93448
63774
25125
67528
85546
79317
89787
94814
42300
14447
16488
67523
46417
76327
22538
12817
9881
71600
95101
68128
85033
71925
49210
55245
26846
30217
36269
40833
66810
25303
93720
59695
58753
15083
75712
24520
47603
10711
80951
18367
92351
18941
17328
48282
20097
36209
12684
86003
73670
9587
54709
18961
90399
66920
30391
37662
51067
50459
38305
53907
79687
72915
52647
69009
34517
38476
42883
44515
13799
69911
76669
70758
41240
17493
63377
87034
90482
86637
27854
71026
42187
90667
55301
16038
96959
76249
38879
69660
40262
82807
92064
11431
60846
28044
82245
73333
13177
14624
23852
12887
23343
92159
74885
19628
69157
24426
38530
53904
11736
94227
36480
72853
49932
10839
75341
43314
15721
57654
39703
10505
23604
65687
89591
19296
26402
16516
93043
65739
62008
43379
49956
86259
78929
89349
59844
9559
47324
43246
29263
97103
48379
61329
48014
29947
34090
49507
97315
73766
66348
36108
27836
79055
30755
67247
34348
88402
66131
19295
45271
86530
81811
97528
94699
66048
33298
20268
87773
48642
93178
29389
72044
84911
53656
22959
92424
60931
69770
62717
45249
22089
80846
97307
72952
78188
37727
27158
57339
76248
34880
24613
46731
75299
74477
63232
9307
37770
31740
15022
95929
78882
14003
63565
55425
58636
54565
60151
79972
42492
58668
87245
51071
86129
67463
72072
17321
50736
23104
9150
95314
44945
90967
94275
26033
36042
60320
32161
68304
82217
46062
37663
96631
58336
10704
17316
72489
47125
82670
26407
80936
63622
53011
80203
84321
64680
54241
68287
29601
34208
69853
87627
8894
83698
29615
46467
60661
67492
82079
83997
31130
73891
56202
34677
30171
32282
15318
72368
71270
54431
23280
76408
75688
50048
17761
45305
85085
22778
25458
84818
57392
32020
33016
38344
43320
85391
51428
75841
40584
17676
20348
31983
82281
71949
70010
8979
12152
40908
18555
50775
76700
93083
81903
62670
60273
26175
57083
66446
44937
52010
84442
29485
24037
40318
80988
52042
66824
61991
40281
50725
9218
17196
73182
81779
88125
79468
36738
57311
87100
42027
37368
57241
48787
87737
43788
35074
33279
71187
62268
78578
48864
77595
78027
97603
83845
59165
48110
68535
30470
23860
93210
50719
44660
65730
93340
14662
57835
82009
47817
96763
61747
88724
78591
9934
59046
33026
61342
15480
62319
15288
55616
50321
87160
84275
81961
88736
45786
60896
11493
48681
23785
40179
73080
66275
44047
18267
13730
10524
14823
12418
30945
58957
88169
41068
59795
75621
9685
75713
55989
94339
88661
59718
14195
77023
72467
83241
49371
17284
74902
46597
95359
24967
41514
51080
55698
90419
77456
82675
24980
95699
66903
20430
34078
41551
12070
88777
43985
81892
40587
69875
31321
76631
39025
44787
23070
52466
83790
41426
50089
35627
29750
85767
39539
40439
77648
66592
68520
30001
38694
52343
27381
49780
29679
30505
33909
24676
81317
10314
46514
51670
12388
76363
43154
43313
21664
93349
19239
72828
34240
96865
78401
31101
64953
10574
54822
72615
61997
17489
77512
90873
33753
90173
57843
51510
47762
92468
27755
55359
91483
13337
55571
68286
38458
73705
53324
37979
95784
18691
12215
47413
46660
66144
58356
80322
29314
62958
88183
80850
10383
83235
71258
60091
85229
97031
95353
74037
67297
25989
65113
19465
45037
22151
57373
92121
88960
45979
62811
90463
43060
10142
85779
60683
80724
42878
82865
52455
79208
24542
26667
74929
49221
58453
93386
71312
15871
84726
22273
55403
77118
87277
19996
83201
66595
86723
41554
91217
89368
85196
92485
29104
85528
78951
82836
56503
48225
94432
73567
72495
93495
70688
42190
23132
55395
37802
12068
66552
20522
47245
81319
59713
15620
46460
84674
58299
77776
92218
85722
14390
34663
86315
41888
77648
18000
48764
47067
75700
74153
75378
33661
80529
47128
48897
51691
95587
62938
61438
27526
82796
76178
9993
64903
48879
87844
96001
16159
55165
39575
95471
31730
62449
12409
35170
11919
39014
54358
23531
14328
41998
81376
80454
69676
61956
12331
77060
16076
87738
76013
49152
51605
93535
12251
23881
57892
27334
75997
23306
21663
45134
95484
67524
40478
92971
27653
42418
71750
86479
29142
40816
17131
75946
60782
86343
87894
59789
79611
52918
50521
9005
44193
46992
18319
52834
10765
46112
97091
22265
79207
87588
40041
48882
46190
30796
68869
67228
52416
23075
91973
81778
35743
15589
10164
82441
12868
83327
28709
83066
40552
67969
94418
92841
86836
41005
73617
47032
20873
83148
49917
41770
27090
65288
49364
75439
19518
84776
60751
70751
29628
11329
51652
40445
20633
16840
83965
84355
70121
43319
27442
19752
46305
56973
21492
69891
96296
37293
23056
28646
35047
94049
23504
30407
61329
78267
24384
73721
50294
26336
58234
9613
76774
40027
16484
81882
17009
82360
65495
44826
19164
70245
37997
87178
28372
84938
27242
23570
34723
66810
65914
78530
69980
58163
20424
96027
93575
72624
32588
94021
93864
68983
47881
43797
34206
13226
61585
21940
89484
16309
55531
40943
58491
73254
14232
85516
21404
60262
60682
54089
74124
41020
79271
31100
51998
26925
20003
51859
72534
90311
68052
48446
66534
96171
61312
18348
33966
9801
62455
40837
83026
25151
56101
56066
94430
49759
33414
67876
55591
60995
88904
65313
42335
64467
56070
70255
18293
27493
30791
62015
16930
89180
26832
10704
41773
42302
32314
29627
32880
68879
14108
48174
46480
39983
59620
16122
39658
57560
93541
61394
75045
58901
9153
23810
29823
42172
80001
33092
55418
45597
40538
64929
25707
68395
18284
55623
92925
45759
46667
62219
42667
60071
92556
61337
67365
61204
72112
85188
30499
88121
92467
80595
40141
49123
83786
53168
19068
54826
52696
91607
27942
48150
81575
40337
28597
51761
27773
88240
54637
90284
36418
19653
76349
33994
19601
92838
64566
28950
62408
94551
19147
57112
9431
20126
84682
52777
39665
31987
78396
38273
63090
69686
89114
71111
57657
55915
93216
79437
21081
86781
60160
82712
65963
91221
75929
17564
67017
28792
65260
90017
81651
65021
15561
73778
20289
18217
27496
57846
80124
43318
18405
47688
92382
73876
21374
58835
35011
78995
30226
93948
97380
38295
15410
44669
10133
79387
40360
47015
58664
37357
16930
73737
48137
54742
92749
71928
71070
64691
96380
76732
60112
15369
73968
20567
63549
90944
86914
78788
32332
47145
36014
49136
9619
76638
48433
75078
83261
34676
93802
46066
86360
9900
65552
86192
94217
79678
61573
47862
31999
71127
80708
17300
91611
81874
44658
39343
45490
59906
56073
73996
89316
44667
81917
61677
36750
96941
19105
71501
50196
23184
92076
26904
27621
53483
53167
87304
60055
92544
21913
35434
45131
19596
23241
51452
8883
36287
68729
91511
30621
33167
90152
42877
48430
92815
87967
69794
13629
47259
26498
39679
93314
47401
10406
68262
94528
95684
29635
73846
28127
82527
49285
76434
48145
30795
87953
67077
32927
33599
79060
78061
91210
31556
73624
88785
13349
63834
37947
81494
87641
87092
37323
95961
15726
43360
74421
62514
63766
60910
52914
81645
23104
46395
90739
71396
58375
90582
50597
92162
56907
93979
35589
74458
73508
15212
37967
69367
61713
83212
43775
43603
61033
33086
92953
55404
90059
38902
36277
38257
13016
65815
84316
93424
35818
30850
83465
57339
59054
39652
29592
74079
34497
82677
45864
30892
75109
71589
74379
10483
60568
70331
22012
76713
58027
85385
93495
64216
17182
44259
84310
73946
58659
89254
76464
15047
18672
29093
86311
30280
22669
11772
10415
49151
15390
67739
32953
29968
69386
26875
20640
53177
96639
42950
75144
85580
11810
46630
37815
80538
38894
35735
67445
23058
60524
25679
60533
72129
53451
25947
28370
86254
59885
45456
69663
60287
78493
55067
91332
62506
21959
86945
62547
43354
70515
69969
28838
12536
25177
20372
21246
78045
15448
54319
52443
82661
60597
57111
67894
24794
53629
15768
93341
69038
47751
27534
79693
12281
68136
10787
53907
57001
80067
59479
36366
29554
24397
32260
60505
45598
67008
19762
75300
69932
23038
13588
35340
23857
32034
96378
47826
34553
86828
20554
35164
86079
69007
89316
73530
26719
65962
76135
81681
91349
53366
11422
70310
61948
14788
53794
50342
24922
17319
53124
10472
71295
46934
30948
74036
20662
24070
24227
36585
29187
63987
94446
58477
41145
26620
62327
13689
37204
51120
32867
95640
51807
76965
29455
50827
36869
93670
68771
86879
23939
78794
42976
70704
63469
19644
12381
58819
51206
26142
39872
71490
21375
37546
70310
10939
92697
18658
69315
16918
21970
58795
12017
54451
19781
26965
95365
41656
71725
83441
47925
23176
23226
26992
20493
67450
89029
96819
80747
56708
42159
14540
51334
37450
15922
40479
75696
52896
47425
56128
74764
34165
16223
37832
40006
37935
96656
46155
41636
59405
35928
29433
66116
61721
22223
30184
96326
34998
19307
10454
80591
94714
94804
88335
31052
78865
21532
59552
95760
88472
46913
20008
87436
14644
31093
36304
92729
26235
45846
40073
50359
66720
50505
64739
55566
64196
9477
26613
95603
16264
81697
60058
30053
27337
34091
20170
11260
38146
38322
58631
93759
25061
30232
50151
74002
81394
49517
45583
82754
97053
25141
64470
28495
39401
87147
86559
68660
38083
37951
85789
37381
43185
59028
10967
9095
96703
89338
91599
12850
52593
44547
42253
11496
85458
35056
63472
27858
12644
92415
50800
56224
64539
29398
17735
91636
59668
24550
56938
30592
89521
53004
48702
41837
43929
47767
48268
40416
51563
22808
28164
89874
46862
48564
63793
54277
15564
40638
94706
94309
28825
17951
23062
97295
89810
62657
94470
93296
55287
53007
61108
88414
65265
91325
50792
57883
57847
32771
92297
36459
26648
29516
41483
26467
53371
31984
88033
69552
34099
94907
70261
58651
56188
21984
74693
61979
97591
81727
74698
66048
70289
58847
41795
80334
36156
11948
82031
61465
86731
56123
95167
73906
61110
63280
32842
40284
30123
44215
59858
26200
35598
88381
94889
50655
8720
61032
37638
65488
45739
43936
23354
87820
29834
45094
96813
33307
82895
76421
38525
28604
48529
92857
71343
25813
28311
85761
69882
36747
32043
91975
78276
95792
53377
75641
13123
24625
60397
66650
10791
54432
14423
15644
87446
80563
24639
76635
50834
52514
93196
21476
68106
86447
87978
82434
97462
38053
85696
39797
52371
53444
45969
71085
38935
66071
29854
14748
29146
73874
58300
36720
72067
25295
69985
40752
85124
40265
70946
58127
90419
31947
46939
40701
37875
28085
39182
39239
76982
90456
54431
76436
18122
9110
29147
69999
72227
45884
91038
25210
75141
10296
18257
27180
49073
23106
93012
80255
24744
54947
37814
44058
15913
66925
23145
89472
58460
53923
36363
69134
22694
73227
53252
77478
43714
53614
66879
67047
76299
32607
24546
11146
28747
81059
31813
76524
88094
90036
83505
95906
19339
13099
39118
81084
64118
40829
53143
65042
32228
96075
91368
39252
11446
41686
29907
80994
66543
74356
87684
85324
91994
29246
25242
83117
35985
73564
19542
85321
48534
32388
23377
13945
20489
48388
35800
10844
36335
10697
26424
46168
17199
71519
45407
88388
67241
49464
96665
10611
30124
80853
20358
40059
55818
81367
75697
36182
49710
20950
10145
72308
52643
38565
22701
94839
43629
10756
79217
32742
38882
83187
26267
74377
48049
8955
66144
20578
74728
43060
72582
61064
10364
79008
97593
82243
16410
10295
12558
15759
69282
79484
68097
15898
51695
88587
25339
38393
11871
67075
69643
46070
45434
11659
82322
94373
79316
32245
79510
97266
70097
23874
44233
89209
55148
50138
56526
58954
38179
38375
52735
95271
50231
16868
35997
74813
48586
86144
34238
73509
28827
97383
89224
68761
16530
77672
15099
18614
62286
54675
40083
79895
58893
60694
93915
30272
46466
68502
46308
36171
91384
70345
52711
93525
34597
75850
13720
78701
33692
64468
33866
58417
69272
63489
36903
63808
38620
31996
70644
9065
89883
65730
11526
11270
33744
67017
38781
86835
31605
50328
51561
35877
13012
57452
23679
34582
86106
25488
69113
23485
95359
76240
46730
90242
56095
48164
58185
51529
64559
96458
88292
48420
90389
96813
11140
75191
9572
89843
76984
77267
19984
71611
38752
10489
53075
39001
16276
67270
69501
53953
91468
25573
25942
35079
22240
40530
11463
37511
79649
77267
64231
41309
97419
48505
61115
69026
43572
84768
71073
55507
47858
61622
63177
77692
72589
95736
11196
70120
26059
17876
26368
43846
17989
64767
28122
86855
87456
12608
62021
66047
32466
32211
60480
91339
96834
68523
36663
14030
10548
16934
69522
20553
63599
55992
15764
14166
75085
97181
62397
23246
16583
84883
26509
30988
66851
44361
95019
74005
49311
50075
13773
65612
14392
53863
54369
57119
48366
97640
11131
47193
22802
60570
91427
56332
80353
38235
8750
95595
58621
65265
74304
82073
73564
27125
75140
68123
76054
12995
49332
52072
18908
86040
32794
92009
19977
63551
63732
27372
17579
82652
24595
85995
56605
80498
97513
35789
10397
15104
23281
83967
96005
9559
66016
68695
79761
28624
23808
9850
94165
80937
86798
26358
38957
9235
76467
82373
14878
64523
44039
37685
27411
10352
65395
75852
12645
70781
63547
69621
43128
78311
95732
16764
34069
16908
38927
92997
96409
33437
77122
34242
78986
87024
48887
43638
88634
15135
88782
21097
10510
76373
25555
69835
83666
58069
73724
33026
30710
87545
60141
79274
52953
40945
91056
25437
22429
17008
84100
22055
10595
40247
62108
40955
45534
35881
16427
80347
74946
65265
35955
71672
48764
64548
10402
90797
25460
53826
42095
25403
31403
81657
21328
69396
45861
39625
58825
8721
92289
80942
93838
38660
9255
30739
48955
9493
64154
95126
92117
35707
12602
93823
13332
37274
22143
48262
33844
60758
10769
48037
49659
44830
29950
69325
22113
43128
41027
37274
91425
55247
75361
34358
38336
57704
72078
22382
40723
18422
24553
67931
14257
49585
85925
14921
18218
37635
15694
66110
13411
26681
64609
83577
62202
86755
72079
44302
79543
47157
48234
88321
26715
32306
19623
86192
12993
47482
85795
77761
21306
16402
95580
51076
97374
13873
70331
11856
84556
90699
71436
70814
38208
39532
93889
22520
64690
27690
70125
97044
92410
96735
11564
47068
25932
62507
32005
22824
93275
76731
35782
12943
9697
61267
42400
30279
35191
59955
84489
17270
34328
45969
66298
33311
22600
29913
85635
53448
81142
12756
96629
69961
36788
38912
40576
87455
36061
71291
64111
86361
96272
73529
88016
52692
49187
42852
91178
21909
41896
74742
68727
22968
57881
54223
33136
39393
94450
45652
56503
66686
49923
92065
56878
62700
9688
11340
22377
11087
90319
57342
51345
65152
44637
93539
45092
24650
36337
11846
24960
26663
56749
49308
90864
31123
35040
65842
88493
16878
8933
67842
90981
95465
56015
25584
41364
46051
75866
18430
66948
81747
17521
48050
85268
38099
88719
96643
57623
95933
13333
75572
37795
73127
43664
71473
17489
39842
44812
92535
32324
23842
55494
10563
64106
86486
59105
33018
47017
70746
95227
16203
95123
62666
86734
91404
46136
22403
45715
31192
50972
56665
20558
37164
67805
29477
16851
11707
63850
39253
96277
65331
27553
17992
25614
59527
38405
71364
25614
72605
12532
31266
15307
46912
19941
36059
26546
65972
20201
45261
42072
13219
62611
67042
54661
64875
42108
74495
42288
35940
50211
63085
71638
87442
81965
10044
54908
86024
19399
10084
70341
81671
44729
13024
42420
92770
76248
33758
86788
49384
79968
42554
57108
58340
19375
36653
26563
62778
58079
90789
80170
87890
94348
63031
66592
14843
32212
73562
13069
86622
75860
15232
44781
18554
61865
46707
66799
91569
23824
75399
20508
17919
79087
52021
18824
75949
66964
51793
13276
19481
36464
58918
32928
91448
59008
24912
20972
20111
9271
63867
69343
62405
25905
23937
48447
61055
32082
35225
22832
62298
15905
86143
70933
62759
56794
70315
10287
95088
71104
25332
70915
11772
76236
40993
62097
75417
12589
51188
89662
81218
67154
77867
37647
72812
28737
92908
61370
28589
21124
94406
59504
21890
9308
23810
49733
32451
91325
87689
67672
60511
33099
57012
35663
95334
80062
46069
62221
86531
27495
40459
44122
90392
45993
35142
45069
24632
14465
73635
74378
28752
35796
43814
11082
94593
60630
12410
11909
65436
50693
38520
86018
40273
75406
43199
72647
34136
61286
40942
25230
25822
43905
79653
20362
85212
88693
96178
91883
87189
37772
73825
70005
18268
11680
29585
75615
34036
78444
47711
27134
34433
56144
77301
74215
27591
65176
27263
64122
20310
17156
88175
67014
62919
26428
30438
46915
72169
28323
76940
97524
67785
51306
9626
77689
34875
60633
66497
85503
49019
75545
13764
34481
49070
92312
38968
52654
35250
38511
62192
79004
85300
28448
26684
39918
63065
45149
69063
39370
32575
80442
49780
24996
83126
42564
44767
76670
24155
18312
25684
60823
50470
22775
48553
10687
91154
13141
31840
87481
71621
73338
36880
69005
53076
96229
54788
24315
89132
27226
10705
27967
64751
40393
74033
85940
40987
46578
87704
17561
56460
12890
43324
67846
39368
94929
77252
17934
50796
55648
51437
58589
76529
71808
57252
35400
52216
64882
35824
93630
26754
13407
53714
39448
76103
21901
92873
93291
18580
34893
26599
64775
95004
12290
69458
68728
80970
25133
21076
22547
27907
